0.013156455371606165
0.06127104015907463
0.0467417913151153
0.01243365224462935
0.06497379067126713
0.11528084118468279
0.1363435458066021
0.12481602489666173
0.07396281122875686
0.03893639921435806
0.07759182283116585
0.011538013591574074
9.270115648926262E-4
0.011322507039324728
0.04744723141185299
0.00614716244413106
0.028986152036859492
0.0016813854499303838
4.5205785783037765E-4
0.07160421095558885
0.03114969207729197
0.06073827214634578
0.026885055558593135
0.11667939475031587
0.027569506718913568
0.009336630359352048
0.013233787828970953
0.014857285808991552
0.004932951387902741
0.016141805021827636
0.030596295365147436
0.02726427332190879
0.10169139392240334
0.05743482444504955
0.005174958263856518
0.004993322058364016
0.027017844119100732
0.014601895895298886
0.02097143359199558
0.010058728422441545
0.04493850590480612
0.012194489843973607
0.01267560776300394
0.025969530692645463
0.03686753658176856
0.007236123427159693
0.04762268979458915
0.044422901685341395
5.641780088868625E-4
0.040040366216101055
0.008576642767801509
0.09429892013863472
0.00576736782047498
0.007135719265554015
0.032134100272365664
0.1754670667982427
0.12461317030993004
0.02637907687907219
0.004051411327927881
0.008693280132043499
0.02255299534620943
0.03176517437521555
0.020919548998390363
0.001624759211420924
0.08926568344079747
0.006810238534330059
0.014341758973025594
0.057086504139861896
0.13736825953537438
0.018863803776860404
0.06844964239151022
0.007643665249332789
0.05328330097718262
0.011105796030508082
0.08613005547338472
7.475931554877287E-4
0.010916576436943767
0.09597478310038361
0.024533292863331117
0.002669235907072219
0.02969652519800397
0.009481142422669769
0.030380622266092887
0.04601015581812444
0.0260987677503994
0.0032543475302193136
0.09410193305047374
0.1289714793518493
1.0346148366792822E-17
0.02714031832290435
0.028864246018679932
0.05652009952863411
2.660609178152162E-4
0.06608229489672464
0.0035682523152897267
0.04568627504141031
0.09027485193707231
0.02364061247246713
0.026525430891200484
0.03773943045321873
0.02415975535204371
0.019876178565112566
0.03632192318814131
0.12971343136893065
0.061348118558018264
0.01425849903244637
0.005371711853096378
0.04079575554454443
0.09256600621477615
4.0902709124618364E-18
0.0853084994720398
0.03882654405694468
0.015507790823542929
0.07151872189674031
0.030172106083304305
0.02862943838925025
0.0031194230078767328
0.014653379956318434
0.05905594650900171
0.04271485704520921
0.21538243032351023
0.043263410779993225
0.033410764846928565
0.06915326985860605
0.07201951359097945
0.021635101599545823
0.008990260202703645
0.018915284720204657
0.06701440183177662
0.0208141301418276
0.034349875564050114
0.03188210037098942
0.10318616163193688
0.011679627431939371
0.02568448685517039
0.02956734990932145
0.2020080438692926
0.05626484337586531
0.023619749379159696
0.07617557883803379
0.12416647269969537
0.025033773384291524
0.0778398585695531
0.004928085309875503
0.0060133696724853775
0.029443779792776983
6.192132115181621E-4
0.1010455945832756
0.06138971483759203
0.016886657061000652
0.01157157071161833
0.035161402558030644
0.12622145355379827
0.0501464368891234
0.017071933349740352
0.002650541102664192
0.08245362171240962
0.20346037123410282
0.024864001889306014
0.028123072229118928
0.003865565612153394
0.012433836739773649
0.06364907015284074
0.019950657813659668
0.0396968397461559
0.012086576506562651
0.026833664071056067
0.008677112139872172
0.0073892307433429585
0.05230955497063117
0.09384315204634502
0.013666721978799506
0.1596484489190167
0.0034012758602641625
0.12337299653683712
0.17108741672597283
0.012793028355221912
0.03396550434836861
0.10491076934192863
0.030642258640696415
0.024995997111674582
0.05125859984901204
0.04365401384784927
0.012353948224120065
0.03597065061752263
0.009016949608570905
0.012932337877419578
0.09320145625039261
0.05318408602852535
0.01539897894820958
0.14264954915623204
0.15905320523164923
0.01665984891958679
0.010792544165498961
0.005061355983353912
0.0036250013326413802
0.045645778524315304
0.03422297801845066
0.028180695307512205
0.0310418014875457
0.005930441409787224
0.06881721265647411
0.026032046221225787
0.02547674813517154
0.05417887735456087
0.02862940538966843
0.18942132451875315
0.12172946407114739
0.007164902313617592
0.02524062419382815
0.03441792136785199
0.028770142378244407
0.08897981588062005
0.01562232725622611
0.015500475085508935
0.0036308049501876834
0.021409891250928653
0.04782376111233257
0.04227916843593736
0.1206866436722641
0.00410694530314035
0.03590601032055165
0.007704482650011067
0.04901963677810894
0.03658279501911422
0.008027010787890844
0.0021708739830960584
0.15359756024118304
0.011791497620074748
0.03380348637295188
0.0217880367464347
0.015215091933298917
0.02752918254139632
0.10085478854112569
0.10789596770158301
0.25731596470559026
0.10505578815818323
0.039544832807006325
0.014394801139358251
0.030741493432744967
0.02044236926452594
0.028898058793101537
0.00862979215493226
0.08964980044320942
0.01690541885225779
0.02854886115222121
0.07069979056261821
0.03794027194228359
0.00830056860630652
0.054963841485085305
0.002699196586284254
0.06459960194342983
0.19391380192748794
0.055529479167373635
0.13013368534798422
0.02413019751205233
0.05009242524737481
0.002544659438995595
0.08788740542039271
0.008899437867601868
0.051130457271599754
0.06841004209602504
0.05312383795627231
0.06746288922157526
0.04839901181514631
0.0684205883386611
0.0028368370157440307
0.04078506040602655
0.013003160311253236
0.09655232790386649
0.01712546178949806
0.07491623879358739
0.00160194177671558
0.0344516266626846
0.046055046976968585
0.09016837936039458
0.001008768736200104
0.01592322844982738
0.004820949929173268
0.038743443944867194
0.20734322482625034
0.03871883165140668
0.0353866418978296
0.024538741740213126
0.027779695880932813
0.019526822955240882
0.02208200245451613
0.0632277605671642
0.0370592255345644
0.011415975819280208
0.028432105060340773
0.039521277082100445
0.10379269350117575
0.0014720319893789906
0.011379904989848744
0.009694202021979957
0.0487983974005904
0.061017046769715616
4.216701488500574E-4
0.04667500263736637
0.0021530268475035727
0.0558834358964471
0.012026161474239912
0.19036594111219246
8.876117332100344E-18
0.07798201992888493
1.0510378012182719E-17
0.008120906801797972
0.05578682494636343
0.012499404680641736
0.0043963216989760835
0.04179435895406001
0.027951153273684835
0.049015395597459446
0.028637414816079478
0.13335913980540623
1.3322148842007125E-4
0.08907342632733196
0.03466142277173788
0.02244502261511919
0.025259367654679038
0.04054335533655828
0.07218561550234527
0.01964076942537237
5.575927697928897E-4
0.030662471433814238
0.011130887416716077
0.17287916529136144
0.021547758687528666
0.029138288579966847
0.14797236605478123
0.07976132548826777
0.010806879341485874
0.11051227778638993
0.0035998329948275223
0.06970429840943318
0.08573403455547643
0.03703322357710116
0.001381617472915211
0.005979748538474137
0.010172660662064565
0.006999127558633546
0.03238411830244568
0.024162477947849943
0.036091483691699976
0.0020252722730576714
0.05102289355765196
0.008200991680823208
9.199368595794743E-4
0.10577007776134556
0.018331567989063907
0.038203190836945636
0.050324631636593654
0.012584834750378747
0.05648979972195645
0.020640655996903953
0.016523883659560198
0.01781413549059348
0.006252716946938408
0.00767405513026595
0.022418308444307065
0.16501806211829514
0.03955347709756098
0.021791959449099844
0.16788694227681325
0.12294667770399818
0.15168303318307172
0.008080123573186737
0.015063321251139785
0.01774651673499245
0.07567563787083481
5.080721660055362E-18
0.07510792036646129
0.017494703307267698
0.004920844307156658
0.0860428592970485
0.01619562046977535
0.05259654370975776
0.01793697474771328
0.08850328199969623
0.05940924471362726
0.013262474111004553
2.9880797498994533E-4
0.004676534296141377
0.035591713080317555
0.006247925906662144
0.037324808416139194
0.03632423267091494
0.08708764274939611
0.04665772933002985
0.014888546417493447
0.05322845089113421
0.01804008026959749
0.022201947655019757
0.03270402778500495
0.006973464527678756
0.003749495330107214
6.430793781608891E-4
0.012925682873523638
0.05812746448580238
0.054620562467103
0.08540208269365948
0.035846583941706735
0.14766310955551973
0.2130410400857656
0.024782896872074116
0.010509982105642269
0.03027787762338099
0.055127757744911264
0.02148093165894381
0.027595044532088105
0.05670485557172604
0.07865349459882445
0.08928158556789588
0.02096189701725094
0.2891694657819968
0.2171264159101442
0.01138601058214245
0.016899710306985734
7.369844047272867E-4
0.004834385904316945
0.03266595449207623
0.08474813025790623
0.03702705118044416
0.03601578039540925
0.017825790263582775
0.04640430249251054
0.007290901026438951
0.008749352552305946
0.008660513889774466
0.01979351839543858
0.006411451088895925
0.04200447677120177
0.19561472398085958
0.05018861123582146
0.0026805039436006107
0.034359023406493036
0.025464913563409797
0.021216026039997067
0.04490074435567471
0.02552900508978734
0.07389157988093681
0.022673131858536
0.12881395462424552
0.12165519513051348
0.01616545210746455
0.061166699879624434
0.04096110870442315
0.007261207536852334
0.02047155145445245
0.09456903279397733
0.03635663426437753
0.16911330069682445
0.19332023498959422
0.112835070445775
0.0177445062086467
0.03182093999254772
0.00684721146770692
0.0303997431808274
0.03260481287267763
0.10806551728357429
0.10923385650036177
0.029032590683425938
0.01436913973277474
2.85609814753365E-4
0.039696611166481044
0.06410846676813502
0.025025350872909462
0.007452863988252543
5.000895322950496E-4
0.016224962118794678
0.024862926958521613
0.022750360236596455
0.12028963053717309
1.0485203885886071E-17
0.11938650069440031
0.03496009697064489
0.12377947936548657
0.01140492679121706
0.015116934598041632
0.00820225335862418
0.05144166492178334
0.11900307365744023
0.030978436996453706
0.009956704393234882
0.024444213122961325
0.026653002803805087
0.0015713779885292913
8.365878184342412E-4
0.023357313113007424
0.06736128936705768
0.0172178226085887
0.15786544571511152
0.05343951846030131
0.02493338226508067
0.011571951130410638
0.02273690863306487
0.019220389879539907
0.03366208649865086
0.013436934425234857
0.028389739430650197
0.06128993333716427
0.04412594098643868
0.07505872956593063
0.03512800091777787
0.009020424353630858
0.038861858348293886
0.11705281603687256
0.162046662819445
0.05811065628766038
0.005151200539072535
0.001585603921018306
0.01988173794392056
0.02406446777705859
0.0068443231349064925
0.038814379086188025
0.005821036635139271
0.010094734278704897
0.07307187383149763
0.03028986998091989
0.0012290531805287733
0.02428495372449099
0.08496191950641276
0.04260088031225032
0.12627797344505778
0.12423298776157415
0.04868520029335915
0.0010399313182387292
0.1756397239101945
0.05048098736142976
0.012228194174227672
0.05117966172444413
0.027558049262340168
0.046406356314406115
0.018486623602795686
0.06935127484771175
0.0016268824273586707
0.04331364704207404
0.012837619392215898
0.0013512438982116704
0.003133297645760245
0.0011022004320288365
0.04212320307447982
0.04547958474706356
0.010260607167346782
0.07037836759926548
0.0105283626033927
0.06599456514586785
0.0047752289407390425
0.007171883520558888
0.06268231372928958
0.05983130916000849
0.08993071486199511
0.06281017734673601
0.23098479756723478
0.012845046046969521
8.688937459286047E-4
0.003949767806709497
0.05303444066100171
0.05825284519490622
0.006247395877094493
0.013693847231483147
0.0490035369253176
0.13287866694189923
0.16049764918569756
0.15510608592712488
0.0528626390448541
0.05001680520711443
0.03996889059889984
0.03070952839328275
0.07739656219115826
0.0024972135128790303
0.010677118319013494
0.04570633492938327
0.14933920943166773
0.05329115884682224
0.15811252812123303
0.01827014803983067
0.03168941048555801
0.024424883205362395
0.10888382272167434
0.011981281336753892
0.012326334329728062
0.07414398809486589
0.031817015465174125
0.09844049990218658
0.005204428854463934
0.008950282165717091
0.05577825493126644
0.028103844332756745
0.01494734567251888
0.002418822165855988
0.04819794837833504
0.004614802496634967
0.036611104866699676
0.03022354425491065
0.09776910253055085
0.05123126370848416
0.0389733337905936
0.09677933640583075
0.14900186077366728
0.14086957029529215
0.008517378592297467
0.12176237054920762
0.04158103428099772
0.1301082828009823
0.03890423531930439
0.04729933293749879
0.03695030247047065
0.009788605027763696
0.016778218082468085
0.05477781786590138
0.08119167182416383
0.16890183520907046
0.06561674432192373
0.0018227420059080321
0.09060704986919027
0.11737604807198727
0.0061189709136283245
0.0012904934818702475
0.005380593111121717
0.07284088938397887
0.019868106197961304
0.09990458645276298
0.0700141863030245
0.05152603537672028
0.07406010681839749
0.010145467970546676
0.0197020727455223
0.07593764570767775
0.012858318584277632
0.2296151245987634
0.06307055654263385
0.047012146535108434
0.008398121505534303
0.010131199064756362
0.0104320226613488
0.0035428688051060407
0.06682699244864952
0.008896198502611348
0.11178053997338284
0.009044270986759861
0.08711907345243215
0.02941871493460567
2.9796424808262487E-4
0.00755666136708964
0.008810351989225891
0.017992347341250287
0.04205357017699279
0.005017469036986199
0.016303493457931965
0.0032003607317164875
0.06845349616670768
0.14383370478907212
7.744905371287942E-18
0.02081331779940404
0.01855990847500793
0.02881715455078591
0.020200573159943936
0.03046656740875971
0.03288982158629955
0.06085620180142377
0.04513803876843957
0.006819963480894972
0.13443090049005
0.09113546568357582
0.1170073625626174
0.024090025444034345
0.043341171946301174
0.04664844239473067
0.16787310077967943
0.13631235132813965
0.003661496606638659
1.8885106684855656E-4
0.1155499203033888
0.04059989723446945
0.033133839255354514
0.04316390051457064
0.07009984505084221
0.009828789515231981
0.012834698215994905
0.09897833079961088
0.12695874502305746
0.025412793402762975
0.15885031940359748
0.013140050376106834
0.030513866138345492
0.07934125219283943
0.025478869454023525
0.018765048071295955
0.010217651921443359
0.03273642396753868
0.06255146838157007
0.013032832265586129
0.0608968024909482
0.013014203843688333
0.12780209191139036
2.2516740361692557E-17
0.015704645468929915
0.06134179955146952
0.03545836444706846
0.013431412064030932
0.04281301286428118
0.0028912015631618977
0.06010994180474938
0.13936723405048806
0.020697044095815176
0.14540742024847975
0.045456141637580764
0.004465429135513246
0.02843930927876058
0.008308568358365593
0.02631364801418572
0.18353488898141793
0.006715467785692223
0.13240469090677712
0.04270693034606007
0.030913994132977192
0.1714724945255604
8.067719550698463E-18
0.009179867821080928
0.02580660038849906
0.03269775572863934
0.013505812638743269
0.055048699586970465
0.0024001363483508436
0.12419555999075299
0.008795628148921496
0.05355154554758515
0.004435050709355956
0.034988310808253834
0.0014804881040329176
0.12435572295355399
0.028882947340102768
0.0872254413997791
0.02504476957818405
0.021071843209137787
0.08371773740625105
0.04770634585970271
0.17361491185640882
0.01339337643377471
0.14050851202894185
0.17700753170057715
0.007823533975778868
0.004736930143904182
0.026440716173014144
0.009118246270464482
0.09880396907570042
0.08132125159191873
0.13021582152070754
0.008670666464140274
0.017391961637142878
0.026971898630550755
0.003654856165146404
0.08867155017726017
0.05171347427315427
0.039917738786514216
0.04097970553874103
0.01867692196726732
0.15683334544806435
0.07430798813769202
0.017852873430966122
0.049845873298209484
0.04295037069738072
0.08081754260667023
0.017843651709667067
0.011579623620079001
0.07231306866419482
0.09687124450732011
0.12675487259651907
0.05693663070064471
0.10454969820268338
0.10271328616854272
5.17245664741744E-18
0.0027449195714696344
0.01472423639749506
0.03276541403311327
0.0101437016848379
0.05948190032117237
0.024386153304224386
0.06804087808283843
0.05184246447098825
0.0896070845712203
0.03898858882059823
0.03984952076383821
0.005019549168460872
0.0735971030478254
0.04510046153605606
0.007728473097133726
0.0668983404949483
0.01731219337796299
0.007120346482231921
0.23835414049403023
9.434666051485104E-4
0.07843127892161436
0.015607256696715782
0.06589536985848034
0.03038454227239219
0.01618042672896073
0.079417995678545
0.02735871103680457
0.10005829876304165
0.06739274901692227
0.03652701010440593
0.014334432367219778
0.054254438343676374
0.049005416680822804
0.004667805114020354
0.04189324632783274
0.07185082654441961
0.04550023529811772
0.009491359268221965
0.006404689207592137
0.1629106949093523
0.03751294552361448
0.073904227621603
0.021752892082229497
0.04617447315076623
0.06254778250407819
0.009246071065062332
0.009835271993592618
0.0330879387060776
0.014386348937121684
0.16904400092236868
0.10766968861794297
0.04031284977364152
0.0170955724944327
0.12233305419981055
0.11287898247765968
0.014870726062013747
0.1588363936774725
0.04852324863465672
0.03287572684777486
0.04789430008025375
0.001667565369023748
0.014429976949573722
0.00394293317598765
0.08693394374555595
0.04966548859356517
0.007955291743583373
0.01640404265537029
0.07952152512427309
0.025767092392292995
0.08918386394218919
0.0416554751196758
0.030523818343202513
0.012650716607873628
0.03933984892014745
0.002298802229217845
0.02575496204051313
0.05145498544007985
0.014533119904914201
0.028184514814397182
0.04522429962339368
0.009394615307576583
0.04428514069665007
0.03775630524113784
0.06517921950496929
0.005052002100232224
0.024735353670455484
0.030441648834231422
0.19706266812806733
0.043582721427870216
0.03409754267387235
0.06373945377914729
0.1166560729859254
0.028889034797932266
0.04606791931773038
0.030621757256194624
0.045985641862173424
0.0021722424583342863
0.08268961649236765
0.005355981204837546
0.1989565563910286
0.038517366415073646
0.08340452510747534
0.0223534252718114
0.0030019760065705175
0.01010991443008609
0.006071771337146603
0.0204575772328619
0.0813949344448913
0.08833127625459021
0.012367394095888625
0.03211184191948644
0.08598185780887334
0.020233874171753187
0.0025100601353296318
0.003220907971243783
0.06706993625893964
0.005638563316043234
0.044041229667144056
0.011324036584445404
0.2545092355495895
0.036758995372974945
0.006975777190935529
0.03376347502024376
0.08634938378580626
5.126043745052869E-18
0.005082967277868269
0.009104957728077092
0.08162903460971573
0.2539213367823233
0.01846887239380428
0.10045590035568415
0.002393887876477405
0.009060809862308856
0.10692228044142824
0.08733880010996097
0.04828295542377574
0.021313539039191105
0.0881823326381056
0.03691355888857989
0.020300618441738614
0.02354915299451971
0.12682360264860143
0.2158234666863569
0.0170080188522394
0.10671109110777333
0.010416698798525397
0.04337160882289819
0.020012493921781747
0.02993729568408419
0.012928132159591873
0.05776911815707138
0.0314098617963216
0.03446236104902293
0.055394391031634425
0.1074688372621874
0.06527283462792026
1.120541561660016E-17
0.08366401423354135
0.0012012915329399673
0.09679866944776733
0.016183387368063233
0.0800003189042676
0.06536018969805274
0.0716066967786596
0.06277850469649571
0.03949698822518983
0.054556568957279616
0.009519607194291721
0.11446672180408152
0.01496449031318727
0.022048718507927667
0.011183716777194838
0.0026651483100365485
0.05763986405175419
0.018496834343878096
0.06692014937943319
0.04878229346074498
0.044769752213017974
0.011754168671029585
0.0011514542799233285
0.019494837632970562
0.07781313361624854
0.01024895239763846
0.06481970571763172
0.005283044073753437
0.0896570766719585
0.06062543735355008
0.019127885153390114
0.04389966464394909
0.13855523997071692
0.016571371617097246
0.053826408010421566
0.0016356562169704918
0.015225215012125313
0.01888214845789987
0.14263780463441153
0.03753803732198694
0.028740723861166897
0.06894980569097156
0.06397832326565568
0.00951935636310728
0.02256448015524839
0.1186765366875607
0.05287265005285889
0.004920288675550551
0.0025092720819932914
0.06447249694591231
0.009065505285816386
0.0024847472341637156
0.0022121650908576776
0.036225219201378216
0.018506917713867505
0.022687023797451824
0.037244098624218895
0.036303913812526685
0.004697217859798614
0.013906210622542575
0.02488866532951511
0.08956736528459242
0.18605163703332725
0.019414576248325228
0.05305325681585552
0.014974592049934671
0.017874374943869936
0.12761552783566177
0.04705758422149337
0.0740817500961501
0.06364434280702178
0.007840643217934207
0.07009144151138724
0.011126245701693998
0.017990490948557838
0.021309648153362
0.22145071587359752
0.008502303691544554
0.0071660070446971655
0.02231666293663074
0.13466019870097512
9.773424578506493E-18
0.12990667481305812
0.004778646934733896
0.005474931384287212
0.031743215457740975
0.061961282207543295
0.01167809905100886
0.06627558867006754
0.11504712890056652
0.03044460042464136
0.007419374634116786
0.02127599973741467
0.08106606098713155
0.007411937273741199
0.035060722006656636
0.0705783586195839
0.022276516612250396
0.022573561941535578
0.011700484187788376
0.050694181628255425
0.003910757480977533
0.0068471442617664404
0.0742774753330967
0.08050896516250498
0.0019300953197434027
0.07070909079860203
0.10279211588142832
0.02194426973874345
0.015735194060056797
0.07255978117479057
0.012095827505157615
0.01343786505737042
0.00925733359723533
0.03026475009369717
0.022695544944583302
0.03410157788518915
0.017437521480384556
0.16811779289451734
0.02286382909283343
0.0021166355339877208
0.03425672732089804
0.08966276172981785
0.04690543975227285
0.22146129347098084
0.06105069231108375
0.02018848013079075
0.02488374294109372
0.06627930813270173
0.006919762731590387
0.0013774047199433908
0.08043207298663625
0.10414818000259585
0.006179120932674771
0.014746596583458822
0.025041258204265265
0.005851898839912906
0.06787776547993309
0.05079997415869278
0.13214503038435343
0.08414005689665655
0.04353547437338138
0.12662441865860505
0.04719711128575601
0.19625935511632264
1.0955262298831976E-17
0.014308819606309526
0.005128298023514288
0.07424618469241853
4.743726036057427E-4
0.1783393282740435
0.002994158690912089
0.027759010198409283
0.00845489725751095
0.06849348029093554
0.015327784760571643
0.046138911811686396
0.012902542536524843
0.010840358149932982
0.008645600304178472
0.014590581086155161
0.0047525080476923595
0.09289658546407929
0.0769903737671462
0.007392588681476303
0.028756634630385587
0.01466313196271034
0.11763764137146854
0.1330752991775606
0.011498324569218898
0.12357317769939027
0.03192660472025154
0.08602542152760971
0.04010262841229466
0.012459698806462761
0.05604810509825581
0.14599400082175687
0.025554422037545942
0.012241479712083376
0.12007240285371493
0.05529708999120173
0.0039960866308178
0.018762535155861668
0.07153322308411428
0.04186254819070554
0.00486638250246606
0.01885811958381043
0.014537719373066691
0.0053466076526582015
0.0018851326971982508
0.021438278480034552
0.08401229210637987
0.016406664710048362
0.06294116220302876
0.02374671059083495
0.019253240215605257
0.10811014564443082
0.011572924931079994
0.022062639561736222
0.014491184458409892
0.04637546283181383
0.05375452619329763
0.005469626058734325
0.011671710414210874
0.025127696842385652
1.0541077648683103E-5
0.010758655172586486
0.1368352116209849
0.1337094573298828
0.05595642859953475
0.004825151983432571
0.010134766124220361
0.02459822640868979
0.01922574934020929
0.020814459451704848
0.10915623894275574
0.028594381708733744
0.00898823363151494
0.00891867411879344
0.0066586851000820365
0.02228283999989515
0.052491526866846876
0.021624351867258966
0.042169527516957
0.055766127678690644
0.08048955761306788
0.002585676551058166
0.0088685298983108
0.03894863694513856
0.09130628019627055
0.11807313033305368
0.0032690186323055355
0.022566070656789585
0.06155851660604041
0.00891280725031654
0.06292116272825284
0.008283839133841992
0.01875580671480114
0.10461645149055405
0.20560541294223242
0.05286233623989138
0.0023580399352917075
0.005134243440726513
0.0062690994282054045
0.0017406855870584317
0.023289462619883843
0.02610223720434435
0.01496760119757608
0.05382417853819894
0.04620094074514141
0.006963464825957614
0.02825745084470959
0.2001891255926785
0.0992561107732014
9.794411798918E-18
0.037947107267646
0.020516417206436034
0.06629008149889841
0.019882742446405637
0.019347516874493483
0.08131177847863266
9.427610458889744E-18
0.030762217991742495
6.045263806397623E-4
0.0659149346907432
0.06032550209180619
0.025262623883996516
0.09323497008582649
0.04876930255509483
0.038008662922617495
0.002896551013951913
0.10901125372261766
0.032214299730285466
0.00348576483800031
0.013960444664296669
0.10275944511362406
0.07706143398628064
0.04037841131524903
0.08487482795230764
0.04811112800955968
0.0035220157882980083
0.042696030913459346
0.005081216714188908
0.012739750464585125
0.047565182565947085
0.20264979126974222
0.003511869431690686
0.029300180423883073
0.001693155856218072
0.016672884225192655
0.09587842007977766
0.18198081037172198
0.002054849707975937
0.034484291611597676
0.02816705165569854
0.011979175608831005
0.001255361696203003
0.053536213349161275
0.03535652251879327
0.03144944511290949
0.011701863889730635
0.14541604264484587
0.03647583575832301
0.01628175263668871
0.05567787629325621
0.18213351358530336
0.0059184176916305875
0.020019421348306688
0.007344428365950732
0.06024280730027422
0.02132859488675876
0.06494585904500688
0.235445454493449
0.07969411819885555
0.01596007764140815
0.0882425542822769
0.06650938075950602
0.05810451106228402
8.552563120177043E-4
0.04730027276546405
0.11226149682225045
0.005574167933552799
0.0033962944484643427
0.09244150917479632
0.020823774814802958
0.005193739973369685
0.0010614534718328883
0.10925584130933455
0.007945138169643397
0.01189130537561278
0.005540385302811118
0.040165646023368466
0.05416148914363649
0.04565403628221507
0.0021986210528485133
0.004919403728505412
0.013136154099857295
0.03930887223758353
0.007112061250787817
0.0053276107532461816
0.0017402650757006696
0.019986246021264004
0.08173786599476911
0.05217906666292973
0.046252879214369734
0.008611292655102305
0.03601793173346439
0.01108912565769495
0.1452637893480918
0.13030952270203658
0.1799218141594948
0.05352990601519202
0.031330749445747784
0.21352094527269488
0.014394036899159557
0.08709428998898909
0.019212022353501508
0.00951894718152667
0.016262580855468636
0.012010251614627607
0.004482749759356501
0.021241160279371132
0.0027336293083128496
0.1002297674646073
0.049434043229362686
0.0012904348097642507
0.047292620935751595
0.1345625595558351
7.131419787836787E-18
0.014726117123453973
0.08440302717127353
0.19323477628312866
0.06181971550764567
0.1384420409688889
0.10115862564188076
0.0033439052023550423
0.10194925621099019
0.0056486943691076786
0.0853846667055878
0.03495968837667364
0.022009323686579194
0.03225975300822092
0.06473166881765552
0.07725656996025862
0.1440089455377322
0.03302905123377199
0.09084037690871855
0.08313382175891977
0.0028649651033860776
0.00800272817237165
0.05484220534831749
0.02590707426683689
0.02653738167126884
0.09990926518278767
0.012870046534397342
0.011894328208434817
0.001995463655769541
0.057934171395796374
0.03359880568602685
0.16618226437295575
0.029871104693626166
0.07237865823041761
1.2870777781039123E-17
0.10327870270012497
0.0636269679474404
0.014141885013369415
0.09522855730557855
0.027600012222244803
0.04996442503363295
0.040006659337808816
0.004220608476035359
0.20547404671781655
0.012332494375257378
0.021881412649221357
0.013118586537720989
0.04018098677116014
0.058415342655054714
0.08355234126648456
0.109238387948818
0.11260754326174564
0.018373814524734605
0.028574312278898967
0.013071851180732787
0.04682853960178751
0.04190931273333463
0.08911210287684884
8.731705258143677E-18
0.03863087949652772
0.023461129955212972
0.12646203154122287
0.1702363729282259
0.010359902761263794
0.08157889529146689
0.08289606671842366
0.004759257747732021
0.0011436628989690747
5.400492988110783E-4
0.07115579624540082
0.027407374536070624
0.02226952286638151
0.017350863946979003
0.14656366958689743
0.05461550109464055
0.016091097223933308
0.12126098307097215
0.004151326943313572
0.026360085695551802
0.003688399444171685
0.11107146732971143
0.023775442428406273
0.015441149638907954
0.10761114237766604
0.008568140260051933
0.03665923780700188
0.00843855926420866
0.047914442530071995
0.026730109075478792
0.00825512252101077
0.02614928307814677
0.028142032040214565
0.1368226777447578
0.24910212437329923
1.2221491453212984E-17
0.012846614454023178
0.00843379312770924
0.014559901791094312
0.05363809495727005
0.017964596244543548
0.024660708773336627
3.248767401934532E-4
0.12279031604778577
0.008114326034455234
0.13544963799118515
0.004878094000240252
0.05215422752375288
0.07361914260987575
0.00961865962572991
0.17239427230128093
0.030138136247788026
0.002642028633882156
0.012707187902945852
0.04353379373501341
0.05609912827865928
0.013358271534843343
0.005349819103895627
0.003043316753467156
0.04111185043033919
0.02679516146826552
0.018027620851733494
0.04219616581714373
2.3695288992755338E-4
0.018778124532878564
0.06155866865841819
0.13008253584270546
0.08324337987713123
0.08144164419755935
0.02039820324293584
0.027491075412902858
0.025352939645644626
0.0560518924945167
0.05266284080433465
0.02201536545568642
0.1180683487753759
9.662276658740116E-18
0.022200036250192196
0.026665560385864585
0.04786293251343108
0.004481214568486453
0.002199663480809586
0.022438644176926675
0.05053522378708301
0.022934669211382368
0.04716242115968789
0.023570745010047075
0.10951638163533185
0.0898562285874866
0.05183543124890369
0.03845604283588118
0.02641008206228858
0.12752031408685413
0.006207508259148263
0.04695445832151617
0.034188234394992814
0.06506585773170978
5.080126006277624E-4
0.0035041913548827667
0.036385312420220535
0.05234968236204815
0.04607308171500428
0.01868104629062617
0.07494727139885946
0.015241649363288156
0.02110507173011675
0.0611097072706659
0.049641632199923943
0.09319578481771862
0.15249958833600968
0.02179807455800854
0.042879289349355684
0.07095290611854276
0.0915874195799582
4.4488240643068345E-4
0.0465153969627609
0.05305096677326316
0.036117860812223325
0.02709047997662745
0.03167345387485363
0.004473321752130778
0.03979043518171102
0.0631853908563457
0.09458772168432487
0.07888792633855159
0.15872846323057146
0.0523560089610746
0.012830822969795968
0.0026171518699854425
0.04907901001756985
0.003946168986348988
0.04287169594028307
0.030007360471213256
0.021096019447273632
0.014079683195859203
0.025337227221496273
0.06792670864344034
0.14305218785525858
7.814389167914245E-18
0.02319238043830758
0.014696809152555163
0.004406783852437848
5.414801209890924E-5
0.011465176887985647
0.08358244378854575
0.1388446542469895
0.031807327214724235
0.03220585561356484
0.08628225666740659
0.02533120547758268
0.07146104309913989
0.014513261060703081
0.06247277655791575
0.01822509706587949
0.03288893291922498
0.028737577280035658
0.08185244425292745
0.016209866926628427
0.08905234067081562
0.06874903976351723
0.034905806311629886
0.008610271177804718
0.10279868857996052
0.10859730849466262
0.01037993704734609
0.0038792226742230167
0.0020802091670051462
0.028417201924731073
0.00938860841365358
0.053127718456476375
0.004635270062022953
0.09778796382459301
0.08842547301123392
0.03230090937888771
0.036825548019438215
0.04917823480698771
0.009857541687350308
0.10646456031848832
0.0629640092654513
0.061631481752279484
0.006466248543790613
0.14267888826806208
0.05196467705351325
0.003976650445233774
0.019443344041770415
0.01093028219001624
0.007424199546387504
0.0637917068510763
0.011598793831394762
0.025138260044193613
0.02640406326527349
0.03160419088515756
0.14878962374330962
0.012936817224326614
0.02202517737280588
0.1438875236527212
0.0074328287270726484
0.01911149005248138
5.968150693196829E-4
0.14653768637745132
0.007649219501371136
0.04856420804815329
0.007078725640247769
0.04726779766412104
0.04915136866861602
0.033600244820008
0.07553233579629869
0.005924202360501158
0.001416426810756192
0.02358050620165169
0.11352054266568298
0.035979249169361974
0.025448436212572628
0.016859707568937714
0.014262152551294451
0.015207547799473973
0.03738980507620179
0.07229266034901097
0.0772069014231152
0.0020013723157802504
0.19855546021953147
0.0835382214740482
0.047345960580040244
0.003587045978681474
0.015294263202622161
0.23751327172561662
0.24339602459099613
0.018499936358478443
0.003571737970481081
0.028170566850411312
0.07416233325438402
0.007745027797999302
0.013611037164068042
0.05172984955144156
0.01370971022974773
0.029489000188678186
0.010945230363081827
0.0211723339294621
0.0883955922999704
0.015861674902912293
0.008010981940091413
0.07442192979092929
9.677446738390176E-18
0.0944530860933444
0.003425037409879424
0.021712722024813263
0.17257197676051442
0.12836525527126091
0.02263709294363876
0.00303136547526786
0.01638376138946053
0.020122771832127705
0.002794181614158554
0.039738398716919275
0.05693878756821011
0.013707870725528476
0.01175667423881002
0.05842933954995399
0.013566361882555916
0.033876027361352555
0.044004732484072
0.041433722875401806
0.0017299466519323133
0.38154889405205517
0.019119665574728273
0.007078680844739013
0.035966300831735715
0.13818260210115937
0.016407611934773438
3.5666784438663713E-4
0.07681551498830991
0.1304098894068821
0.015214806557812528
0.04179055498012917
0.02248364662359659
0.023406885781027568
0.023093336175964315
0.07086035985932085
0.04596519656506706
0.045732614288501144
0.0077524813774681135
0.020251011690574115
0.014041262796215726
0.015206665109155049
0.0646511850742636
0.012150334942490215
0.012304321834977457
0.06525198324056049
0.06143781389830168
0.04276403236037109
0.005571843449438807
0.05666159237162448
0.06722751148961802
0.007659415133035973
0.07822809635502884
0.050467769187422386
0.011572152261087749
0.12672505456066363
0.035982359748236686
0.00630962502326226
0.05927650725268118
0.057776273305214704
0.08007480009158646
0.023898799668628266
0.0601202241957255
0.0074028436320211725
0.14288461211877426
0.09646750451599201
0.012356073552324645
0.018769184880456355
0.058369483761516
0.24661483536710643
0.06804322246137084
0.01112375880527031
0.007441408688113938
0.0077707342631661855
0.01877360152304818
0.14731882656545842
0.007466856093586636
0.048862034708278816
0.03132207426766368
0.05898292531719855
0.02171524949790239
0.04040688053210125
0.10321321625454806
0.07831774395161978
0.033928341267632216
0.025165796603310343
0.00492535202940783
4.144996292254766E-5
0.041040990127732026
0.01258748644352189
0.02790392319664356
0.021330488932881395
0.010988924459348067
0.009506391178307204
0.05938717632032352
0.050979547545397096
0.054801563822529833
0.06805445617533668
0.04028650956679789
0.022811111050749882
0.07662822202038563
0.046036473229538466
9.682621605127979E-4
0.0072059651197694955
0.04424165141831433
0.005294696272092223
0.008002222146687709
0.06490359802875598
0.0032967063327224836
0.03118705157924235
0.005581130157134732
0.017131120779257766
0.05220559762381702
0.011044210443197942
0.0425693101760181
0.01441743622511819
0.017808119630929767
0.09050206799998177
0.03666456593590534
0.014666944572764181
8.089823942482486E-4
0.016013143451448154
0.06332023639698772
0.06499893232872124
0.0218948793308364
0.06017058312467831
0.09475032087123046
0.1837508779582978
0.0011759304566750835
0.015286705511464
0.08725833614304591
0.007669124119608039
0.08265012854047796
0.02654150771893896
0.015197161223293093
0.07525050548802792
0.003953826079340315
0.022685726847612147
0.11284701610429496
0.13520567798330935
0.0020647189474882486
0.03209851736913317
0.02970471430292039
0.07878730709801417
0.03050108209488716
0.04848106419301207
0.04894379369569598
0.04198416016839338
0.025186417561151354
0.02312762026569143
0.02586468921986973
0.026991187909984823
1.1424543108848036E-5
0.0052693326797244025
0.0928122046378043
0.026393485452966835
0.03969162462889475
0.06467453027593646
0.020277495847092417
0.035207968267251144
0.05215465198814979
6.108627291989512E-4
0.02966700206229623
0.0211149479679228
0.0864832439512983
0.009799891018795918
0.1342433462917401
0.029097202443115665
0.05027480226088177
0.07195215138127088
0.023784707832485652
0.026355181569033992
0.1258343624517693
0.0013475441700426909
0.03661074199985974
0.09860573746478078
0.13885833271535455
0.09446870233340766
0.06462514172462447
0.10731311277256703
0.0768911402609422
0.013824215056074009
0.16943964247873627
9.547931190639891E-4
0.015118189776594307
0.0033481033959563817
0.012829503966942725
9.8817367600419E-4
0.022717276946857684
0.03552760643833483
0.001680153519196392
0.05538614568351158
0.034097471557787175
0.02911640437501969
0.004430475302825392
0.08700844924413646
0.01425040568261493
0.07497401673561929
0.04965513686386282
0.04611664691194807
0.07564493832316681
0.02501253724100019
0.03348123530255457
0.08505049377792605
0.026841155541662717
0.0419890779391646
0.02403755509478
0.0395279621818199
0.05805131323652334
0.029572097080557896
0.017284762890147465
0.001789144681553793
0.009584649813722626
0.04978504104837925
0.011592981518423192
0.05778536594437962
0.012447543163385553
0.014309938352760806
0.024559705851688304
1.1539958963145137E-4
0.01862951111224526
0.01708429298972998
0.006326828218292125
0.1275475660705162
0.07338424368554448
0.0022991656061945288
0.08895322006562889
0.007306425610737513
0.00743966307020002
0.043512961998987736
3.0182777687509974E-4
0.018867802793571593
0.052812350194815894
0.08257012674128374
0.01682925843546565
0.08652029045453337
0.004970616639601186
0.012123392768401261
0.13108119566553209
0.020102698614368038
0.01376023347018913
0.07396469756267321
0.0361462334192224
0.049729704461594935
0.0865587810427114
0.06974292560943751
0.06186548655199274
0.004625026110491529
0.03419674259438253
0.2134080550948576
0.05863847775338183
0.019061087297682397
0.03368900758979559
0.10664918892403612
0.031603422309016735
0.004995997634985998
0.12264336932047046
0.046756525832786194
0.01325635827985438
0.055327998874051675
0.004799999227609202
0.1938168200335776
0.17526162775332566
0.08257658643972199
0.08288987000005249
0.003688956173887226
0.03861172544364649
0.06592948538532752
0.0030406545378573453
0.008687844047919736
0.010789300145158253
0.010949798140710178
0.035366096037201034
0.07517485793746319
0.021342026335247278
0.06259347687625237
0.08473236390093863
0.0390042740183922
0.18224183988045753
0.017010694410575594
0.012900551572897725
0.019357869322817044
0.00445035819568246
0.012648987815742356
0.031231106088595497
0.025411463168284302
0.05425784869864728
0.02169897378352152
0.07099909583065664
0.0030183975339857713
0.1007223987831241
0.011348551188335845
0.04998818085781047
0.10860458835699024
0.01257802523169872
0.007406238015656617
0.04297988829983354
8.359444202810005E-5
0.006936308624967982
0.013891769366640602
0.007377110588412426
0.21912050447307094
0.1270314028967254
0.0039025224409651917
0.030115421931975597
0.06693994647794946
0.01351948728882348
0.06556210800002613
0.02821136498366044
0.01542920899637134
0.10995880404836371
0.052680678901964526
0.1664004685939124
0.1745304314745343
7.165971930688536E-18
0.008696812362795734
0.052015924743555264
0.0030084852497173796
0.031535911505854386
0.024071847851855586
0.03603563385086701
0.02597388348878211
0.0012518334359888517
0.12349586598066173
0.08961818480413641
0.0024627783923977745
0.03660889322830154
0.03375079002726298
0.04243044839620571
0.007907132322982345
0.02363290321596077
0.014792101946119353
0.026589771849545286
0.018346616922516358
0.05632051923492022
0.03209009475137404
0.038074725044306465
0.0346045812860448
0.176420906505068
3.563707864766308E-17
0.09323428755020648
0.03562777824668665
0.060802891401402805
0.04225266496552159
0.006941057035207088
0.03345736817748429
0.15716387808887083
0.0853109926658588
0.02863454477840244
0.005007100581937435
0.031706193902902254
0.18681213433165403
0.09132592535353158
0.0349753281133218
0.010086970845993347
0.08263602650975078
0.01234890484478376
0.03080727165350622
0.06872111676832668
0.0971368693579674
0.050374621955778534
0.15586142837972597
0.035628767252487765
0.018144542088074728
0.005175463191364838
0.018859583320910478
0.0131443227102828
0.013766422875723848
0.05790274005554936
0.13985592446463466
0.11692259530895521
0.11432323381259622
8.117147608979717E-18
0.16612105368880523
0.008829265959731021
0.08772752301799486
0.10659269285891101
0.06469205981765704
0.013542644507202623
0.18458869656088123
0.05502946759852457
0.0385057182809149
0.10861406432343482
0.022613555429622925
0.0029730814906022357
0.026036655286819272
0.007562747280527258
0.11078864113332292
0.03220579797178867
0.03657737296363968
0.011114865154413003
0.0498620819449635
0.22886111143429888
0.0034999914740614715
0.01150487175832039
0.017281893154158276
0.0722976207039936
0.010028126819029159
0.029305260850794646
0.015372147383971073
0.03370880913717287
0.052892813461281794
0.18558484650067608
0.007386915154349425
0.04770334643449894
0.0164417085691869
0.010357531748162972
0.006704169548878595
0.2494549505946089
2.5069964828151098E-17
0.02531306778503998
0.0014924749044857057
0.11837479412452896
0.033481737261428945
0.13049526094568908
0.19158541501045906
0.03648438733761409
0.002168021898837095
0.09497929828393274
0.0023736215579487218
0.004772447223032693
0.03939031571038293
0.01510218463369323
0.15614775878749085
0.1531721034703453
1.3662220191247505E-17
0.022687899750568244
0.03499397917559231
0.010099608045654922
0.029602443435065694
0.034151331734129126
0.03458534067168316
0.011156312652332178
0.034600361578548566
0.027929137959144132
0.05588619768390046
0.009509890627049695
0.16479265814227378
0.03621249287424225
0.05088531204026371
0.02341646844033573
0.022854703121243228
0.1405588142333555
0.0016508093684379466
0.018234235033072813
0.026640642346544046
0.015849546808294257
0.008750032928094913
0.005821914034983437
0.060201499911479286
0.01668066845557378
0.029093990082671498
0.048770033395463847
0.019524792340059563
0.17325750477056384
0.023248788398523883
5.930413680121126E-4
0.023199768519484014
0.03446459219018036
0.0014001204076548998
0.019321799266587582
0.08737689802305681
0.018990534021703854
0.01604655687384362
0.009038614641107593
0.041676234650914995
0.055706296989848046
0.11564828141228707
0.011132934087806497
0.0506470900830652
0.053967009303501415
0.08091267988364487
0.07838461129217461
0.10070741833357724
0.02735934087044154
0.024485966612061698
0.003710443102722449
0.0380335206254874
0.010241815363636966
0.09529006588488641
0.1046775460537537
0.08775502863713784
0.031418753846529625
0.05897417461515243
0.03129603141202563
0.01795718419651563
0.02299293208218787
0.1571544366931927
0.026322459055898417
0.017710433797173058
0.006642820429066653
0.016759470476686893
0.14425316107044628
0.06697993104927348
0.06197833063353377
0.05418191883169963
0.024334353034361975
0.016399193216330876
0.08639961495247403
0.0040358191947180546
0.001884599765199438
0.025974724324465424
0.07639091505991867
0.060831330107533624
0.001322612664346861
0.006203698611598493
0.040691068684867805
0.10117715168720998
0.04627434724011301
0.003278848870283005
0.021873188151351513
0.0434557084911551
0.10846778239732041
0.09934754459143626
0.03056818964098665
0.005763572250249427
0.02752980778547798
0.07067981604274527
0.08983382562104414
0.10518095944582942
0.1160824318450316
0.03284494749450774
0.03002944543983611
0.060048585634779376
0.00761261121911587
0.04901070632152045
0.042721780229515234
0.13540460816078878
0.05360390946849534
0.0288206992498157
0.0313527952363553
0.1113750134315993
0.059970978589399815
0.06463339835872275
0.009261227830663714
0.03921260278213695
0.010539919977502471
0.11433521831087659
0.03264571523446334
0.06426745420875966
0.06281877032387473
1.6854081857776662E-17
0.007417486250246715
0.06857457341415094
0.021629468568972996
5.375032605994962E-5
0.009762684074058569
0.10378544820331535
0.036841222907803686
0.07285438765194623
0.009371153529850025
0.021331467975652604
0.028165835717347668
0.027441292436625183
0.01885525616127947
0.032307934435286574
0.04889790495304515
0.08364949705129322
0.07215471272036812
0.011896364897418524
0.02082550361170703
0.07093197872929163
0.015274747034809055
0.006505039664808992
0.006148238079935915
0.029599707853023422
0.053927806010795734
0.041328758166231286
0.07993009872187588
0.010131026222886539
0.07223079080098983
0.021163576954131083
0.038603489069084146
0.054472668190000476
0.18359351125628076
1.6965100170164932E-17
0.007440142468439106
0.11634886340861941
0.027158248885742208
0.05753391787772915
0.03784550810634684
0.048676128833874524
0.06157280280579302
0.011453694654094473
0.03402298851694564
0.019719815204610587
0.04574919097936363
0.07243817103900861
0.011620230568299684
0.07423052324351219
0.033592192933987366
0.09140836747467404
0.002807632613689244
0.07456073782727123
0.0031701395961337047
0.03407196016617545
0.08223173023257517
0.1007311095135083
0.1277142413203512
0.03724530851947727
0.040737291896617206
0.03580623114391813
0.0749624951068643
0.02371625333093196
0.0442788023691168
0.01562426494784147
0.016118106857659388
0.027128089060207212
0.08600041451342272
0.03592017472018275
0.06842785012200446
0.023725676478731375
0.02823615987081511
0.005290814671827039
0.020058754406819014
0.019346494640981593
0.0197171238252269
0.039400055965653755
0.11442061618967353
0.037455485262160394
0.04417624367916939
0.06060421975620988
0.07353481852936493
0.0070668822546083
0.11967063289430231
0.0223498660886018
0.011767663693423767
0.06529133316092742
0.022987671299325795
0.014866513830451566
0.009807625749154638
0.004354328325137654
0.012130556584581646
0.13500555656806662
7.33074802513327E-18
0.011317355569057906
0.03843728132863695
0.07338696687450963
0.02352076792116298
0.025539164644992434
0.019785352867761417
0.05474031837019873
0.007445219303925418
0.022181336686460856
0.052119977326250455
0.04562172806050549
4.816685427054127E-18
0.06962481591326221
0.1018315429902889
0.02957873057734292
0.08572719673078702
0.030558051077335304
0.01633848966061702
0.030576606471784472
0.04065483604191372
0.03735498475994727
0.010012918478290092
0.0483269713876187
0.04929048837493061
0.15865820659322283
0.0031816526852954862
0.013257619292967125
0.00983733341487177
0.00339345788805846
0.03400933935111445
0.0014380792384136468
0.030371935073030168
0.06508208182582233
0.06974770781269958
0.014148737788881125
0.04943565566156404
0.04707423648974859
0.22674131351571875
0.02098040726173797
0.11414615951749757
0.010530349433289486
0.002643120221566647
0.017503601548487506
0.19562264348636618
0.0118062210122575
0.014181139531160548
0.2049336396997416
0.007513741814995594
0.04747425347711193
0.12546906499980293
0.1817298205412842
1.1122206471081983E-17
0.017800376628940094
0.04929527207228293
0.01079065952682373
0.05710263724553073
0.0381354862218325
0.05114450604990141
0.008205551605480066
0.03533327203337417
0.015995940662148222
0.1780639778392633
0.02587081875241432
0.006613806148706578
0.04032308494977744
0.003443589753233331
0.09665626848277424
0.116527433984923
0.015974947104769203
0.053421111967074
6.133876884204248E-4
0.0757839424190665
0.06973321374564469
9.299646379426956E-4
0.03868104608954755
0.09094434197354546
0.046978587604883375
0.25382676481020483
0.07234559070345578
1.3922320877877498E-4
0.0033771628106750206
0.008617149549000435
0.011530206264808341
0.12822646752276945
7.004488930859738E-18
0.03913413520536583
0.025908106180293086
0.03992710391346969
0.015502888179878178
0.05880766123891809
0.09052668597280923
0.017397239627919264
0.10891674752916064
0.03577429363636893
0.05789882321040701
0.04279132181487353
0.15232814679879492
0.10810063527395364
0.035047137755383324
0.12383549808839152
8.045337582836375E-18
0.2270911364636751
0.03422725795774489
0.08784194399907125
0.1446805522055615
0.1092805378515585
0.047329125544830986
4.255513932092615E-18
0.013531167277583146
0.07879261670850535
0.010957788839788811
2.1775714516390394E-4
0.023618403396237782
0.07340897060178925
0.07356799780700725
0.0011333781608750568
0.02493002058478852
0.018209339258634154
0.041706020931321475
0.015627566668817587
0.04453598062412096
0.0467662566474255
0.2643269984531905
0.05610753545481616
0.01471068986988747
0.015735035482704995
0.0262905143835987
0.026154325172046078
2.868539304510313E-4
0.0160661967250806
0.005696831405635072
0.014019356921940193
0.007915256108762262
0.02698844348758984
0.0011116783811316888
0.11503049374279609
0.006530009097291759
0.04504405046070016
0.008104670232215757
0.18684304149029266
0.017687761980570278
0.008629632624300726
0.021074907389577874
0.034346042848018794
0.03769662761931952
0.026847317173139377
0.06181339930115549
0.025904104501563205
0.03348505661786422
0.0681432326130929
0.007792456484003114
0.023825542003126733
0.032516189400705345
0.025131044269643812
0.027797167497233873
0.10193463254114606
0.06609499580567803
0.040602569283677205
0.018687320892833755
0.005684778369676358
0.05917360851387684
0.024265629588060663
0.10376990052170885
0.14184695566344685
0.03599360200867893
0.07626971435727556
0.031217109456492514
0.04388138648189574
0.07052195168543683
0.11474820243076672
0.10117018113364788
0.12426637979517897
0.04339908618984729
0.05800219617472232
0.08899347152888883
0.08438379089775534
0.10341351932333272
0.03862970117065271
0.046649729975768495
0.06421838801704902
0.0684051627889209
0.006649917974084284
0.020528154578819915
0.07047165647012991
0.024189271801618922
0.04674884141669486
0.010895146159038875
0.015864764513119065
0.00757088260244663
0.0062985790374601265
0.016682321465844037
1.2407302409398268E-4
0.014107340237088668
9.305510927077277E-4
0.014880800462258708
0.1144658548476672
0.00587598347366785
0.005450542875021448
0.03098976074797815
0.008602017315808107
0.03766811539486442
0.026515778430045846
0.07251447099881174
0.013431015825811727
0.029652950395107843
0.009000791330428921
0.06759314813679447
0.1109957855743376
0.03436691759926574
0.0450497646449068
0.08417063432305077
0.06615708265924194
9.679581157362322E-4
0.17437711151544008
1.161676353967981E-17
0.09976185399208354
0.015602053594723957
0.006814198582876113
8.773414113559235E-4
0.10780767497192709
0.07577071703356354
8.821863527950996E-4
0.00484678236608537
0.006605287410414629
0.01699395824751368
0.01116257974988025
0.1115502214464553
0.017827720225689254
7.730410972124511E-4
0.003266826956841372
0.024035343125114305
0.09017010574232101
0.031059728578022146
0.04835722076740863
0.034973579061878195
1.0395899660852527E-17
0.009589394304701819
0.06098656437850528
0.04114093357218857
0.10102475396315393
0.03160300359404823
0.006084696003048151
0.03578552562125763
0.010313811531912895
0.030724922209204284
0.040357702797190545
0.013653332556454892
0.0022263083058558955
0.030948215092335186
0.08500063370231366
0.055986316157384995
0.033495079151128364
5.562094194469027E-18
0.09624841647045683
0.0568124606881022
0.0915827858437465
0.015824003485653465
0.03958013007968224
0.0046944587171101814
0.006200889735057624
0.02679283264053058
0.0633409998847342
0.02045548125111209
0.0030282926259334302
0.02478581380579061
0.0027368406960094696
0.2038772729326825
0.1415041002253205
0.016135571159324055
0.008082153988070896
0.01266926726168935
0.07282281068459577
0.014615269544204163
0.0284750028296932
0.018317394950582398
0.07202334514487554
0.02632926770722053
0.010999125797855695
0.13034924011225216
9.397345424121006E-18
0.0911166579684504
0.017391524434200206
0.15575014128506207
0.025016590678745013
0.2017135421303978
0.020437623269759425
0.22012240826285856
0.015453947718923746
0.025927009915734944
0.03727745794501308
0.027795508356245224
0.02511221733614424
0.010458905577210284
0.10677641550348342
0.04704441923359523
0.11557994237548237
0.009688616737279627
0.06894773152236625
0.004026939621357279
0.0025885458164674703
0.06521674626462672
0.005567953373646543
0.12112234314779521
0.05558602447891022
0.05118777030458015
0.005357789177602511
0.06064992523482168
0.02002660566647072
0.0462853299444477
0.01632320082880523
0.11261811906346278
0.06649648666498528
0.008891702794778366
0.032861433329646236
0.08189913010495638
0.042697355731010106
0.03269107175364481
0.14291138584337526
0.004119783918572125
0.015024032080556075
0.041331481320757854
0.01911365365370751
0.08481617723264097
0.047794841826304876
0.016748313487546664
0.05692344794158602
0.021967121479892857
0.0247917622060649
0.0038227050685891656
0.06414745551182297
0.016473984170314912
0.02134914432629368
0.13458274064675094
0.09440280379521052
0.07247451869009466
0.01784014686922482
8.216035496097903E-4
0.001365915452880099
0.008672680850549744
0.018251259715813886
0.024907469589144516
0.004633921619275846
0.08142146908550116
0.03783536470993589
0.04061950633023164
0.03398556290312869
0.07464918969033837
0.024573067325155958
0.025150056181357766
0.07767279803254859
0.11737037594059063
0.04040388509282202
0.274106448960832
1.1708542169406095E-17
7.90621560526297E-4
0.06726112935073211
0.04076181063808615
0.007005782638606303
0.05585583428866078
0.06331076824706189
0.07273727487543499
0.00436693158613194
0.009928761952483696
0.005871572575748933
0.14306383683372895
0.1178245054789034
0.027424807550837843
0.012955057699185963
0.01749923355571289
0.05341414873485333
0.01657406269054558
0.012492311512997532
0.013467518427743474
0.13574827346798404
0.05715162835440888
0.004083185710109236
0.0047026582368931225
0.033090959004310125
0.028774520787859838
0.07948626953190609
0.04070000750602718
0.20828810347143814
9.845464701716766E-18
0.049522349404519724
0.09823206196865171
0.22058156835357381
0.012735920690544177
5.276140328940165E-4
0.05615778031347386
0.07879760601727419
0.04598714904954714
7.375398207176944E-4
0.006929072394328034
0.06375910843725423
0.0024182119909337296
0.006910304373584057
0.07064579255973369
0.030097062162203665
0.04714736722222625
0.07790413574120676
0.023245500625393833
0.009201562597086942
0.004745387603403857
0.08906779981107077
0.086197861136769
0.028211797098991884
0.06119863986344212
0.02613372051131316
0.02785000004768162
0.08618150215852259
0.0704425022421801
0.015563225994975075
0.07581026382909095
0.2452407971096574
0.011171467537261946
0.0045135125917612
0.0896469600443563
0.09962429518260592
8.690314433295155E-18
0.17709206685600365
0.006695259554819116
0.03998705759053294
0.002640074227107646
0.10342651147537721
0.032330111851021526
0.12122901801145075
0.12459897735616347
0.14963444235156825
0.04276441251499145
0.028098641318261768
0.003159685601852736
0.02928231910180157
0.05206293598070755
0.03391342958955515
0.033985079312755274
0.015103580065657192
0.05283319613465947
0.3623044814115598
0.02477716534650853
0.23516665079941598
0.00927390603654891
0.011347693607132862
0.131032787072488
0.05074830078644301
0.03403936231290844
0.09584942565834158
0.049973352454042615
0.022232657791047807
0.06248141257475558
0.09301059987203132
0.01502251256785132
0.11924400339202697
0.0030978569070787875
0.03298639829559033
0.031080417673131026
0.022339586524444767
0.012922886306333798
0.039778796125060766
0.10229742171121357
0.07086999997052074
0.1449960829689126
0.02120063337496643
0.05896741906727761
0.060150811888914434
0.0019665396824661806
0.0770198638585344
0.02788036278475869
0.01820177848784886
0.13447958443971322
0.025058521364395424
0.0013714822054953792
0.12230252377761196
0.06295301667982944
0.002432634799860511
0.10639330039743525
0.002843537642284787
0.021540282445493084
0.057542595273394524
0.26065639219311953
0.009729253742560593
0.010392909718020347
0.009299064938653708
0.05831945336775128
0.06777532166434791
0.13081067515304864
0.043073202564432596
0.03096214044924947
0.00878191764220962
0.10957155957174584
0.001439998271051305
0.04385334478500695
0.023879551824868273
0.066547239477467
6.98845554844084E-18
0.012807221216250579
0.185667688506259
0.17593559032820574
0.03191472140700733
0.09197140254977716
0.016150979067690405
0.02835545729628283
0.023382145659419498
0.0899250837175391
0.06946567637420373
0.06906711127717108
0.03502040919894732
0.015813487545680908
0.021079980299810615
0.014541712256742799
0.050356938884100484
0.10569153614028992
0.03175628508894743
0.01391475998921292
0.003364376081591316
0.016450992960541873
0.0690043336102307
0.1547568076075364
0.01962276188229471
0.034491228427848776
0.020127557044485808
0.015583369462036133
0.09561762293787007
0.05521615649332509
0.06745931355539513
0.15390265909919917
2.6857002610500444E-17
0.0146197324868018
0.007607544264435045
0.023438817497673847
0.058471570973766325
0.01862847513006864
0.01768680665296635
0.02985901868966387
0.04914273662749532
0.030102964349950384
0.026442516417257318
0.1080556297332881
0.09624115289111625
0.00665605982704332
2.8196569053537667E-4
0.04085136392028593
0.13983245247405374
0.014833054301541427
0.01981118248763089
0.05248023523134516
0.028294064332073546
0.004379041538680559
0.06360608032256326
0.029780321788890996
0.14679932443861102
8.78864873662996E-18
0.11092907091996544
0.06034270784788221
0.005575522113039124
0.028715605002452925
0.0030150147656637094
0.048189323623821875
0.05228048360027638
0.007708411100115896
0.0027516942599355716
0.1390287375333774
0.015799568904430173
0.01248970205158861
0.0029573460936912635
0.06467272190586891
0.4828629163105629
2.3588790822507675E-17
0.016197759747062522
0.005694326114310714
0.24760983625092567
1.891225785419107E-17
0.09434193728535281
0.047782291370018146
0.07767923018201327
0.0750505178967118
0.1340685819787111
0.03358637608324563
0.009826554079039223
0.07373916528847384
0.07537629177290163
0.06555813904124277
0.019203694315942762
0.009815915000382983
0.002317868291743431
0.040870744470210295
0.11856778654423326
1.2125263156217909E-17
0.02733859739845937
0.003535557670920318
0.015184469648954424
0.06837748770905289
0.1260909249792628
0.018155697613061548
0.02510027853422212
0.053421495103779214
0.0849853804544956
0.00783017024093766
0.09145675363012044
0.1628468259560196
0.003597713583892646
0.04717516497845894
0.14448650042283692
0.021758532225781006
0.054329675631479675
0.031363480679842765
0.02735802832548259
0.008539915327148746
0.010195237682531272
0.0021464446070815616
0.1257361321031039
0.1544799957948512
0.0782797063736452
0.007903819374534283
0.05472705996239343
0.010958907521939027
0.01052872405283817
0.0020358627363724624
0.020186115365285036
0.003709116249229475
0.2821998446094797
0.07256475766958288
0.011057078352245236
0.02873908209120296
0.002833190385041695
0.02577414971340988
0.03387943761098662
0.02164051149514327
0.010138777395622675
0.02392435811455283
0.040824089455877156
0.1154062400541
0.029240893417485352
0.008488188285696115
0.012703266525187147
0.24619749532315838
0.014621296108448355
0.00559938388300344
0.041723166246969194
0.08548746431653753
0.01350712686983507
0.08184158752553718
0.056060553360260695
0.04715691115316599
0.17182527491136465
0.003024290024248704
0.10624349890428193
0.09014605283658028
0.00835056805865795
0.03706240403497258
0.09069392869337851
0.0037084125674742233
0.021876881042194655
0.037804821699679
0.017941809814099114
0.01833593265134329
0.010875506093104073
0.01676902074261615
0.038105710693145355
0.09475728971200395
0.2791868873601661
1.0730651749450334E-17
0.0326136039384645
0.05848821434499182
0.04533621228900847
0.028677424904636015
0.004598343458699022
0.0532461423966028
0.03398844920247746
7.916582143857888E-18
0.011817670328086515
0.001757467203961625
0.07385282074765558
0.044912796733039405
0.014408629907784845
0.015784578283410927
0.08456398998774271
1.3463567503498283E-4
0.02444302104740411
0.013349847238213901
0.005109529600907282
0.021163410336831296
0.046669463539933904
0.027539951347240434
0.026317439222065538
0.021929328493507795
0.017356093336310642
0.0027020925374326085
0.012621266799975384
0.02222532122719396
0.06572744859253851
0.01540957337863781
0.059272080962533016
0.06630524559128546
0.01836532925086306
0.06926760402151799
0.026685457421615055
0.011790941499898584
0.0022529786457152843
0.0012588729037905956
0.008170486380082763
0.024865118332422033
0.1042056828914117
0.17054956817584063
0.008638780915882037
0.024288867911645577
0.012822034973801657
0.1797364012000721
0.2071062673620827
1.1246280449579762E-17
0.0036745971236646978
0.18382776428199774
0.0020792595804287844
0.055061885490589636
0.02485991359844631
0.03258617591166581
0.020548589537108305
0.04195738682535168
3.6190585513932425E-4
0.1183815697135152
0.014373759341144637
0.02424801098253662
0.06671458284509792
0.012747984069857651
0.11954185213997383
0.0842691136206483
0.03540773589146805
0.05417407275931783
0.024834469589987584
0.013593773946749285
0.04356564824665657
0.09139007081287881
0.07803454450603302
0.013788974685603977
0.023991927371041763
0.010985555259517598
0.027071206052011874
0.023907656505511396
0.09075715074767383
0.05781439861261182
0.05721754360786235
0.10499040034395296
0.04654034513756149
0.05011695988528146
0.049659917315228286
0.04941777853937926
0.03530756770261802
0.004288915481633614
0.07953536356630778
0.03307638083058364
0.06764503120908269
0.10177050006941252
0.1932648015139733
0.010998901027410529
0.09143990825897007
0.0551691304508172
0.03106617904240228
0.22228570848732043
0.003956309981271926
6.869984739851791E-4
0.03138612005022423
0.01771169461290533
0.051196671571457034
0.022576958028379994
0.05980786063500104
0.09608610476594977
0.28840856754088906
2.004739117742085E-17
0.14973849093609595
0.038089431740277846
0.01935749313928972
0.06075742852672487
0.037099202475102476
0.15761045400608262
0.11182283978749612
0.06165811573043767
0.029295323423634473
0.05357494065644373
0.09263774532461193
0.03722536181666927
0.07531989396465294
0.03987833170841898
0.007090177952750725
0.008197953488470319
0.07462245630259794
0.04369525717820912
0.07915253188081317
0.02551575486548663
0.05921437481009219
0.008529738340224505
0.051219023011613476
0.08630776253590196
0.04247928695335385
0.11752641513003315
0.09132710332737606
0.02354554450402299
0.03311190150491851
0.01569487322833624
0.09555229437635511
0.025812478484377163
0.02811369795260146
0.028482802420781286
0.07750643033988722
0.00523100599581708
0.05682429289601468
0.05932761467837129
1.4685204237894326E-4
0.0656996972937037
0.01496721119034212
0.09921849300310356
0.004684140935661914
0.02036755586000646
0.030172953169783447
0.011417048566693833
0.024514663286879575
4.06088868433947E-4
0.008406771543219057
0.012357602503765806
0.033111342913662
0.11712767126664345
0.0026706259926781296
0.005123247131059359
0.05554824580494018
0.024268910151329932
0.10900158426845398
0.06855317055084373
6.954237593138318E-18
0.02387472450030304
0.04569401485841649
0.19428027087102692
0.05661771628983096
0.021833950718012533
0.03980095084699386
0.05793035801167124
0.020778419609690135
0.019653950693687347
0.00959503981805959
0.033580028672567715
0.032431767899645934
0.03975759937020914
0.02918404433594539
0.04807374040473435
0.09756627789561148
0.0070772513727696855
0.0841910132729214
0.007833350933936119
0.12386956627631988
0.008049420545786059
0.05027573590281749
0.055968105835259185
0.03436757383865712
0.09039157951013954
0.13200382624773738
0.058476383436317336
0.03704530343158468
0.01571780717632475
0.07420422671295498
0.11599050835945368
0.005215310688097206
0.010754643247311634
0.025463324414332224
0.08043199221199256
0.030492783314553983
0.13508872780311268
1.7741472102764154E-17
0.026815547466336125
0.03150325033194413
0.10149737707043982
0.01937280781469868
0.04221931258471719
0.009271071062789115
0.05397112887732898
0.04950519289045713
0.008258356039238305
0.09805292734523717
0.02390963059622065
0.029241058025859284
0.013645661827368196
0.0695375312883018
0.14097479659359186
0.1542589191998217
0.025601132331665607
0.03278236009193873
0.031179744883240615
0.060356321774430816
0.07617671530410973
0.1288785254082698
0.019277541784278554
0.0469923807696757
0.03865918797860855
0.154810015359865
1.3135936171165083E-17
0.04732457871153815
0.0025605617594009296
0.11728145579818414
9.000656958427035E-18
0.004580207118133914
0.06173751259307238
0.005197164630718333
0.07404047507252598
0.036861178627758326
0.13611631793054368
0.05827377418975901
0.07409484411134062
0.03244025373934603
0.06626883199667218
0.052297639750415584
0.023493220023965793
0.13534590857434953
0.13060308240213356
0.009509918672307813
0.01727281077785581
0.07917458389252145
0.04827003680036243
0.01807311349964412
0.08678705347990556
0.055275871188958485
0.004967694053373516
0.0643850050305498
0.01728730261913743
0.00163755564835264
0.1326959986458643
0.04308094860047705
0.0742263665504498
0.08742496566110135
0.1326196202434719
1.4203018592993865E-17
0.018372436820159294
0.04651484875222787
0.01033764994995743
0.03899866555401938
0.01337193149978222
0.017791638151624458
0.017787087045560382
0.005443003970170194
0.010137042991640142
0.04954958568733313
0.07702833815949679
0.09356207647808412
0.004409783316446898
0.02042681889565467
0.027684515766794586
0.01694004033266549
0.015957001872072208
0.04310352772047302
0.021922231017302177
0.06226721478158365
0.15412296797789413
0.02825771099257415
0.09841397667237514
0.013385802709506225
0.006771970962673292
0.017366543453060598
0.01778109612299087
0.012493649612551684
0.025666827551372843
0.037358097358872876
0.061931122457165956
0.02825492117033475
0.006036305352607657
0.012524822798453345
0.004640415941214574
0.09707591214315589
0.09036885088426051
0.03230704238263973
0.019399921493447665
0.06990972715130368
0.04930325601629877
0.019220431421549684
0.038965966873580504
0.08659399054471983
0.04975481463958588
0.04318887971257483
0.005398927876948428
0.040616026195954745
0.028239204033927847
0.02426512179268602
0.0014569375281108898
0.05518451578022832
0.06000971378406181
0.023679129638593477
0.12030970818384715
0.05944059063416045
0.22603898287295549
0.05910749536175903
0.10599370939956224
0.054258865973596464
0.038836606726532726
0.007850293916042427
0.030671314965715863
0.009946593684774732
0.04646558297530361
0.017042808463168517
0.0048727564531786316
0.051012683198842064
0.07738964870591486
0.0019421476914651666
6.970283606258513E-4
0.017097495841102383
0.04300803077464126
0.07498220080331754
0.0748748721156805
0.022974511387328696
0.026310828928627333
0.1941486129544507
0.004312563576247218
0.006650424216979545
0.07047710603713639
0.031816391901503024
0.020470421998036184
0.01377522928602936
0.04254907761325903
0.005430852852630516
0.11276151310782567
0.04493294695217063
0.15272250359407205
8.368501317653472E-18
0.18040323220521848
0.008390625298012213
0.05937296288421353
0.19498607053300115
9.21673555808535E-18
0.0017485998233983963
0.059507416125051095
0.041039888085822734
0.18564006755498402
0.021308467699263256
0.031215823011312913
0.0878093195873596
0.0682354861368686
0.05572787640891841
0.009681756733699066
0.04351457479893697
0.0023151260546071884
0.00970413353550123
0.28475532062913617
0.03206776830948525
0.001896986989472284
0.015174564364709719
0.04743801051125784
0.004397038573596161
0.2416545398097611
0.0022357899662844433
0.14671720030934862
0.0050721432645941195
0.00955303264032905
0.03298066232833644
0.005575057977008173
0.1366771107416355
0.007419390859898568
0.018186657870733137
0.024134969949699187
0.061996361854632275
0.10721170588153478
7.65271215534038E-18
0.004818458160536763
2.4034649676478215E-4
0.07928326811719999
0.05627798875050296
0.05368215720549546
0.001288347438971362
0.05175466853262639
0.009101746449115738
0.027532534288555125
0.007280375731791016
0.0038328354684875406
0.07481382223069753
0.04388868762755221
0.013887304082474985
0.0778661567906345
0.04574458803733665
0.060700789438835105
0.01248191245730456
0.03605119451753823
0.03831657120076626
0.003119240583313388
0.001564943225124517
0.014813731417284957
0.0029321809923095726
0.012677253411147758
0.0294299763373478
0.003900678126746851
0.02456043389113754
0.17018801086744076
0.04985097660910169
0.011939671090968907
0.10012220067007545
0.0395638045519221
0.016686979653661987
0.16411700457039516
0.06948219511928239
0.008860362160585441
0.02273616606795047
0.10033577882654228
0.003737854059231709
0.0059482440245524505
0.043606445656512664
0.024289663449664267
0.011571404778062126
0.002290942500867204
0.029417086262813197
0.061063491547836
0.038074577914131096
0.062323020447185344
0.030408761393208757
0.006149564299679393
0.011565572742019983
0.005101057642850693
0.0035630741156044273
0.013319439401923027
0.006848283727061546
0.10892355066296083
0.013145703658292054
0.11322069237267134
0.051327369679444866
0.015433058069898366
0.03868460053329925
0.02854082256600029
0.02826134076836659
0.012506660336283924
0.004213869174516008
0.0328950522869474
0.02754760797907743
0.05898915256276649
0.017339430796301993
0.030430827500081255
0.06340569088660143
0.0062426970078490775
0.02194567369758993
0.12088509588907906
0.08743718335358223
0.039152000893362404
0.020556136259301798
0.14012738092792423
0.0681115677310468
0.09359836689987222
0.0670874280628676
0.04288482253492608
0.001716505170620361
0.026887643320574334
0.031681599129316694
0.05273094450109802
0.050875259078613566
0.05638912274034231
0.015327826388578379
0.009941425752451513
0.039999593253728
0.02535068087195764
0.04784709073548632
0.16339732412651256
0.06713851903446909
0.0012293528121888361
0.04001471433186989
0.11496287069196875
0.12731595255864347
0.09510136888803294
0.010629624419794129
0.051073580585504486
0.05669918250338204
0.0724720233119388
0.04782698713459398
0.11919721810844122
0.09289948785053438
0.022551725543001555
0.004401211677656604
0.012174421356958258
0.036834690185141655
0.11789926888823996
0.038797980927264525
0.053591170068359166
0.06217819093430732
0.021952855324933875
0.03142986422145348
0.022450848045995127
0.08862335928946893
0.04699323557935336
0.009497341376262392
0.04743271525570199
0.006976254485707026
0.045944502277891736
0.18642178135540743
0.0062499848270527476
0.017180872900887285
0.0038477064468558945
0.020416873458526566
0.030690050670012136
0.01330272936792815
0.08451890848831703
0.013145745147957862
0.016157429999389194
0.0827560859779541
0.025682867222966144
0.02143408139386661
0.023385580867596418
0.016332506495797244
0.12268250043392945
0.05808360638027115
0.1484450226755948
0.043442610426886095
0.11171366799037735
0.08974814693025901
8.141906255637756E-18
0.018859745998526533
0.09135739513204846
0.09088038758332405
0.024662759637235392
0.03447177957443764
0.021264330655667803
6.824610888273992E-5
0.010433903702541302
0.026427214269253294
0.01231995510515229
0.03532960832401158
0.1437588851580448
0.038465671702469714
0.0318227014452917
0.021125943962527163
0.06499357044227655
0.03247749278595463
0.03286845426177029
6.749075609462761E-18
0.2462387914447874
0.07074296754755541
0.05348389157324971
0.014408453024771563
0.003539222971055516
0.10783074908791045
0.013197358992716103
0.009266616762443263
0.11724309170113827
0.060349683606696757
0.056166348528323605
0.049987973154493305
0.1213878772553608
0.0260591091942192
0.028244024401745744
0.015912697038577468
0.11570277200367936
0.010975932552639433
0.02786255126502397
0.06838093626822848
0.008137286313450948
0.06774015799853216
0.04901226173537303
0.006629795049707771
0.009822964040317088
0.04795622009073033
0.0872605256704714
0.11230576839661116
0.06777187942623417
0.1837880316642177
0.004115634878640579
0.018892738582853178
0.1256787857830815
0.014585641396748316
0.002425440468137757
0.0039217811009958385
0.03828450826089164
0.0575659541688739
0.039673772512203144
0.0024334627578990946
0.08359134652434036
0.022974000385247148
0.06499806963395839
0.31399921528489455
0.06864587840409359
0.06114178842822023
0.04479173951584741
0.018152435133269827
0.018719990065815678
0.07169989093109985
0.06638978803127422
0.02296825419234567
0.08957805940221597
0.012294064199588473
0.04852171646915731
0.13642224157496738
0.050487817887977654
6.616935968503386E-4
0.022939922662641794
0.057035918835961597
3.786840323386624E-6
0.01722655222928107
0.0019857755979300973
0.0014142579872525995
0.004314902548019992
0.01045665066890041
6.62326931093636E-4
0.04386183537026309
0.024064118121565652
0.06582008332943767
0.050530355129052566
0.007462170930020209
0.01372432439815902
0.1177514140159948
0.06775552742564679
0.004002184649824106
0.01664165378986726
0.018311863020714546
0.07709165661283696
0.04394870997204575
0.007894536272871079
0.008552549411699417
0.062277717022988996
0.05037284467294455
0.003978315436564461
0.007391219710234639
0.02692753270429447
0.008491214093504692
0.10047710540438545
0.11021102278915357
0.0441994982937565
0.11160403654815189
0.01626332576985165
0.05400997643647345
0.0062003170770323
0.01353307946870565
0.009292773465945241
0.047277112715181126
0.05535248887411535
0.003964228658615988
0.05205347172504748
0.06069543300599993
0.06012664153279826
0.013797683897989533
0.031938071227191306
0.09676102689525261
0.14191638395352965
1.2807237890418867E-17
0.0030262173376298354
0.09519863616552783
0.10578183498714261
0.02446640816156008
0.040784528682770674
1.0418309839734421E-17
0.01610844111473479
0.16529357620513085
0.09015781789879615
0.049683765459702406
0.022142197923798013
0.03943518401617273
0.11173890972240047
0.05488786363346861
0.0062788329566357635
0.08596508935139469
0.03288132760451619
0.014077870523555979
0.08774445434243695
6.408946806389467E-4
0.05508030840131569
0.025609834673940245
0.0539535794534819
0.006614010420216792
0.018589128597908067
0.035175097178479456
0.07207423342286472
0.11477856914234219
0.005771292421916412
0.0017010675175177126
0.004567476809182613
0.03599195699933419
0.026578460215391116
0.010866656758871312
0.23372583045357037
0.024453846409601295
0.05185478110256747
0.022737357412801
0.01807408335430571
0.05327897213814629
0.010683529071776707
0.034902060788186424
0.015985258485970308
0.004160430899505738
0.14768801181204214
0.02335056487048339
0.003574648007640278
0.07848030028119689
0.040834150416992995
0.02777312305593088
0.2914507448940914
0.01679305254277955
0.023413465652866394
0.05666893832176826
0.007845068404565267
0.054337806055509495
0.021644544948603395
0.020040311482836855
0.08659007018668471
0.11498266422208335
5.407947317548242E-4
0.005670930186391475
0.016662178930865416
0.13426118116689864
0.015363647173595776
0.05100499785622585
0.01821096627820112
0.002399957659854025
0.06771726459035757
0.09525488547341483
0.045786609169268425
0.005344431250864582
0.04748524922054124
0.026120524134358447
0.006157770220117315
0.07604468081605299
0.05580236007559987
0.08934926197370557
6.5959596999699316E-18
0.01235422147832364
0.005196571432863046
0.20648496179231143
0.002234065360541056
0.12469596723304904
0.02922463698198943
0.03541772699818329
0.01946916693788045
0.023140579054852593
0.009094730919466417
0.06549622038414013
0.019714005765405766
0.05675108457719006
0.021700965570877813
0.2778643775788868
1.1139030920500207E-17
0.1421579267816801
0.0049165295697204524
0.0345212160835923
0.08628985636858288
0.08827169803143707
0.0066870533093596465
0.06691618226182154
0.02808096212820988
0.0010753581185704284
0.10917588641975064
0.048214930832687096
0.03778326100850385
0.06551830044864146
0.037158938007686805
0.017465519784108447
0.02086442966969903
0.046676852913351816
0.0012568058993319327
0.10064971388695848
0.009687160371627994
0.07467321188109038
0.028857666169738297
0.05102846024249356
0.14842479475619355
0.07829848913296794
0.019379276376326172
0.003877882368353948
0.03086704031426072
0.05126566274135419
0.04771271848278613
0.07269948612778507
0.010194004691396134
0.03506866771057395
0.004268194601770841
0.05009090336885186
0.011638229305668683
0.03134262063221729
0.01871970923285528
0.011802779042853359
0.023224659420019722
0.1102583404107208
0.0310418647870985
0.035752409032568724
0.09879793321146214
0.045632296289595184
0.11077998211027389
0.01310772653975435
0.007825793498555392
0.2450748072064888
0.07577675879238303
0.15884719214727233
2.835985757169011E-17
0.027173275444106155
0.2065770710057569
0.05551031925373302
0.09225059449739935
0.052020281446477
0.02458312269731554
0.007982987567237273
0.15165388361193038
0.0030163100476373987
0.07940372095840414
0.038995682932912015
0.005056501731845858
0.032682975418240674
0.24520575421420177
1.1359829137632947E-17
0.03281481208688224
0.03510208294949551
0.15442466731127732
0.10151653537157965
0.01809011309106848
4.046516924730152E-4
0.020399913907356425
0.0667166640458474
0.013513884526882647
0.0668775803179695
0.01726272980017381
0.15996695032613695
0.0520660243112441
0.002300320913538928
0.0077156145728256515
0.036323355471792294
0.16470992779212387
0.032001193829046065
0.009426269693087018
0.10530109841104787
0.04035739764769253
0.08768168411660134
0.009895141827585486
0.04336223929979761
0.05997162594550639
0.0021104901300893274
6.732670549203042E-4
0.03815520612774561
0.07105872045528765
2.1752479604900325E-17
0.019970680433898026
0.02445569345207525
0.024121947358761067
0.019165068485165613
0.01554277506988206
0.04588065048590726
0.01117257209919242
0.015347276186618351
0.024236271031199116
0.0016600929520956718
0.05873224832835851
0.024983104035850304
0.013526156960329945
5.454540903060179E-4
0.0213341653305847
0.0012681746683151378
0.049652262097779475
0.07599556733989923
0.0014967908471168127
0.07688101407863518
0.002046733495492363
0.02051540511474483
0.03901434556388329
0.03531355896985433
0.01930135208867556
0.07229605195191834
0.007090102371887005
0.05890342305435046
0.10283682718776459
0.23243890997052746
0.07861485073628889
0.030216550788835422
0.021553571339350642
0.06928631620933903
0.009350280626512518
0.11667265066105421
0.01249862150880066
0.0490202066774032
0.08513724225441133
2.2827742639783768E-4
0.012896509288700128
0.04070400776552083
0.023678710790283036
0.0629852627677366
0.00368603892078382
0.02299076200678361
0.008388572538857178
0.017977351911001842
0.016571544648638532
0.0575556777379594
0.024176060477529213
0.03848322135375171
0.007314580432584319
2.691250814911354E-4
0.02953396090925508
0.01120481702239279
0.003601600643363436
0.07724212694794493
0.019896099807125756
0.13152805966711506
0.01293441765797137
0.03113322681921606
0.07212046633155578
0.003956086712403056
0.025149282193608603
0.052993901072133254
0.02862832976169435
0.18777198068497997
0.09048708324266072
0.01542489507945592
0.020496391344032056
0.013227455588763742
0.20294163925882627
9.185622118897564E-18
0.012844360869291633
0.03399062935144036
0.14074775710005089
0.06028992650480332
0.04290648842367209
0.06464173414443654
0.016150282590402496
0.006070897251755387
0.04644491658518682
0.07722975340248266
0.06386973068098742
0.004656524075131965
0.01134485691722385
0.0025597759380077668
0.1234075681605945
0.11943790986776165
0.047640619545047856
0.021301832353813215
0.018427826832081752
0.05795148292293741
0.008279624834418534
0.004028971807579794
0.15276653710140958
8.207306327081073E-18
0.0858228107585419
0.005683590056928409
0.004063005179028355
2.8396483530442E-4
0.0030672946726340174
0.013512310078819768
1.135831142183256E-4
0.12246502694000094
0.02593412437236351
0.046650337247943534
0.05850460969501429
0.02337093460367546
0.006909235445031277
0.0935111166463709
0.08751768456072932
0.0014683774461689255
0.03702481411721325
0.008257348884608757
0.006029611781637944
0.008986615800918734
0.07292498877352148
0.04821356820700289
0.016504849980748748
0.033111503786080694
0.09122185064989717
0.06052877841253858
0.014018942393875668
0.1458863540648855
0.09746223741582082
0.021500998453210737
0.012158705545012976
0.04442162625225304
0.06978087667565314
0.09035800729511739
0.020378582750883393
0.017764013229973667
0.011326526588325824
0.03015734830146569
0.11867609073565025
0.04699515477303149
0.004699816718640618
0.02035679221205816
0.08673847594223381
0.06033540977897131
0.38466064322486976
0.06684418469945329
0.03129982978694234
0.07012422648038247
0.03782786415344012
0.037810569337543655
0.06714516914097367
0.014483902196070987
0.057766689436000995
0.0010893606658562347
0.19370767846975945
0.001700254254491102
0.012231662276379061
0.0732640176429925
0.02025475800761011
0.06114663774746613
0.09973518946933964
0.022222400367451007
0.07005092595241189
0.12380967591053813
0.06357174033861193
0.04061246595336839
0.033741988524478975
0.026045711681842096
0.026054473690464267
0.01487570087109448
0.0041331761454017684
0.07875408940804643
0.009901908149913704
0.03563108496492674
0.22494961266182523
0.019767343804333783
0.15153802140898245
0.07487829969708193
0.037361817709696654
0.13607205194518893
0.039510819856784
0.06875746238323975
0.027484823114564513
0.14675278810378886
0.10486671161582835
0.011369373163944388
0.0319877515780531
0.039364817129431316
0.045229808840385514
0.0031151062938046276
0.057562040210185336
0.03886240255432181
0.013443905254459076
0.01132350200242042
0.023396025064997345
0.04946143501629343
0.029236405425955493
0.001971311890304909
0.008058161003297887
0.022813225765247417
0.06358334462815841
0.025827347302820075
0.006204871626818776
0.03637220114787326
0.03807070535773211
0.04386332701105891
0.0232449735344642
0.06704723690111022
0.08239019261609398
0.006673538957234451
0.02678188966460934
0.20656850375636335
0.02643579139191624
0.051609634344962914
0.020133155872197387
0.009496072997785102
0.03439209343695026
0.1584088437212439
0.09728559300142497
7.997283030293761E-18
0.0014888025841536382
0.05296200059364889
0.010026969795696176
0.020373947652543637
0.049886519338143365
0.2592237436293976
0.007811396500228654
0.15325770039809003
6.09217183488776E-18
0.023456386686821047
0.0015235972821314385
0.01850534235739938
0.044891908674822
0.009253233115548239
0.1042075311214967
0.023897565774019833
0.06239665947231114
0.05409567037749454
0.010936140447057508
0.00962694508050555
0.09734341962355894
0.06604934441445118
0.02359447959059264
0.013290004842768922
0.024501101485613033
0.008948854789208146
0.009455842358168888
0.08825893024691825
0.0303537790732193
0.02057370614878271
0.01748977293377436
0.09270471777768485
0.02742383569624017
9.889375211471476E-4
0.006104520440685984
0.036688584119372834
0.029328371902532863
0.015144898418030326
0.0032229997328810343
0.03244162743326446
0.03147050170820675
0.005124236348743951
0.010923507605384214
0.013287873634281192
0.028298409067064677
0.02804831937754571
0.028546569096717676
0.017760802693450078
0.012251864209749353
0.033164399313476645
0.03985370972805738
0.005009241045757749
0.020570356762510986
0.01197523498008709
0.020816021786806096
0.14282898842060257
0.010547312004338448
0.07647614440411253
5.769107377388471E-18
0.10533790268704292
0.024037439537460837
0.010067760213845048
0.022928954164985773
0.062174962703098205
0.004638483040793245
0.07243754290322059
0.07071914193390397
0.05557938889832625
0.16354047482458806
0.19247614111661573
0.004683223647714328
0.03889641009007865
0.06837437773557466
0.12147835371781401
0.05740420220722023
0.15306714343176353
0.06205894806370562
0.003417000530124588
0.05416594702327581
0.03248539923916549
5.79787598518041E-4
0.09373290921287628
0.0037078516048479264
0.03103571112332936
0.07023146974066742
0.04001326765403385
0.04805614462147579
0.04409848129117511
0.06679206252198468
0.06299036917523573
0.2306453036773325
0.015407735135938372
0.030636841306159467
0.021791265474297793
0.02001900173373619
0.003737189664902248
0.034950952635204785
0.047034826174860815
0.10439920820691281
0.136301713360458
0.0035338253458965267
0.061223608196542684
0.03062343209480345
0.004349092108000839
0.07129792643292032
0.10049219329195458
0.022989651900916765
0.07245397214982964
9.359592956723142E-4
0.06448798842770997
0.009600174485891835
0.03628706895977452
0.022612784367949414
0.02996489552448778
0.013566147423708172
0.052148206271238534
0.018272307343690213
0.09271891613318599
0.0017910931987140317
0.03598531433202016
0.12784104684051517
0.0194239141054364
0.10056183976474044
0.060154166420656956
0.13501189890119475
8.54914466424061E-4
0.024342856336532832
0.050839102872189526
0.06967175182639306
0.0058603338934695255
0.013151884981275312
0.14609469416441034
0.03416290933571699
0.16315336168747593
0.018307541469956768
0.17010335509483232
0.04491114765705526
0.0020480811379267774
0.0262994619648011
0.008754725879974435
0.10130955898099032
0.06709564263568296
0.013654195114599534
0.008413713421427296
0.05909214077337102
0.11316477204896486
0.06316970898436776
0.07282931610542426
0.00505660694484093
0.03305909663352602
0.0033656762653257034
3.8488898268204935E-4
0.14479725460279444
1.0290365028800175E-17
0.0010119644040944063
0.10016881179151185
0.023704369084162895
0.02187341278737999
0.10391724578804831
0.020430239148127655
0.032243639198836056
0.07415140431948401
0.010591821177693264
0.21902541085361765
0.041570422805524754
0.006514676250878013
0.049988347963395845
0.04251802567115694
0.07151085039117566
0.1320248408399109
0.01678826681925049
0.06839949995649933
0.0179559377444899
0.016821768467740535
0.03235553476047926
0.02196088747694813
0.10013178017899559
0.06762220030371417
0.07054281816228967
7.08372805873467E-18
0.2658420607828893
0.02726188684759482
0.0035118846556345755
0.03200142763500113
0.019078393159448058
0.011872554561154611
0.029817155067405576
0.021196837328256064
5.644808792153954E-4
0.1628213182636051
0.047821066336869965
0.07676610062010154
0.04062297871779762
3.335580171792447E-5
0.032745685807860136
0.06574045254254543
0.008621395620977202
0.03586277388839483
0.23735452669561238
8.052341355692926E-18
0.033808034509469564
0.036168653726400934
0.03995238689827493
0.05018732575535929
0.08532237733201806
0.06398034033413402
0.08077980627034699
0.050731683501909
0.03652054855973617
0.005163774720988434
0.07701165523435635
0.19345361812520767
0.14488283152057732
0.008569890179523842
0.03116229187381721
0.017243673319992707
0.051116781619842705
0.0029523213481076377
0.05133972571405178
0.026460769082973384
0.01877479604693556
0.005602516419754109
0.04573102077788234
0.0466821600840301
1.2448651833854614E-4
0.015307975523628215
0.019255597494589712
0.08686828368393085
0.019109560359493776
0.1295312284248821
0.12559197577423156
0.10762776494890251
0.006125828719513733
0.012229514711054558
0.09218479006523243
0.028700472145971108
0.02607020396152631
0.02160158969497694
0.011287273100682452
0.07506139115751706
0.05342275997578126
0.03395192796211071
0.07377400960623687
8.603244965272782E-4
0.025024062264170414
0.033141605682793875
0.024476112366785048
0.08350925877563861
0.019889013644712905
0.06583610332134812
0.0029853088947690027
0.009484423798508387
0.0038148356746812223
0.01027251704539533
0.03717319301049209
0.08116179265277268
0.04358375450932171
0.0926335386019912
0.02103146563883394
0.0050074418894577016
0.0067109842582580796
0.05660007607844082
0.03493687964616984
0.021442202538673558
0.018481845968412427
0.017409563017014778
0.04198633172050876
0.028279527902499577
0.07845615573978935
0.09755313915099516
0.007529455659178397
0.07505588507653105
0.16144503802813348
0.01359359686326795
0.042979536278162256
0.01189908802630591
0.029578041124181238
0.010395632141657772
0.1722972400142561
0.016831538824165493
0.0037060826941454485
0.18307855292907568
1.271255450007179E-17
0.05872086662201504
0.021209351936827693
0.11326942901189697
0.01877602560285766
0.01951292667440865
0.0029001921252624907
0.0780228432179471
0.18612131506173651
0.033286636877908275
0.01563864868657693
0.08020431291677564
0.02756578470915224
0.014851494825759391
0.00867870313303989
0.027064989169496796
0.023988931697576554
0.025995117545885436
0.08497114011765254
0.004068849859957742
0.0339213248287386
0.07048985573897364
0.08277960000094055
6.451580265355157E-18
0.04709201560673139
0.009610603401442016
0.03878140142786554
0.00814456484019445
0.023218755168839186
0.08451214788279206
0.10407269339265827
0.028837269409636518
0.017116115222940202
0.10860876784496663
0.02502197259996585
0.1018979414629446
0.03527387101373629
0.0030260440363856604
0.08373879209540887
0.05970399509362495
0.004655867825374161
0.057447634349169635
0.005442696291812961
0.2073766676962763
0.019205861740301478
0.008165382644642994
0.01307972588480724
0.07057639819691952
0.046218747993822584
0.05116872717502917
0.019614288528465494
0.03548012066076173
0.01768622254522045
0.06479177525059303
0.05171915451079791
0.00308998673370647
0.19680636874136745
0.2655740685682212
0.01001337593763766
0.012639838101228358
0.16038102682696856
0.07239371847338465
0.005114031918135636
0.011357511181567616
0.03926150479535359
0.02497572507118741
0.0392451552339908
9.818598366602346E-18
0.098732444595424
0.025612639799573303
0.08577895932199638
0.028692064714344715
0.039588588524915
0.013135381668079935
0.06156751231703181
0.0033163838641317926
0.09618713181467367
0.06064453704663391
0.03359451784801966
0.023534160989879826
0.008829704728134978
0.059111132267203256
0.08181569161839197
0.1200609417776287
0.009926082670290643
0.032923091708925
0.050893046192052344
0.004724418219321776
0.029232191352161003
0.00910654797512158
0.088913275925877
0.034394883553323645
0.03471795004381595
0.13122180756018922
0.09138818658477177
0.02301619380580496
0.046943511056393675
0.06173202675020358
0.03424552231939482
0.008730569214015542
0.009002098821066238
0.1065883328656879
0.021408077378471224
0.026253254879579607
0.03067224495318078
0.042104538927603984
0.1788327486757147
0.005127519126112928
0.008914513673547567
0.07312138947806718
0.05013260116549093
0.03533766146459766
0.029849637883212564
0.016397501251734625
0.05585075342695798
0.024083913274597187
0.022398790083326497
0.05700477498318903
0.01807124573552681
0.004551519729840311
0.0681349947788272
9.426114088801969E-4
0.060798783568388505
0.017672765229681548
0.1269758486823164
0.016945633598493336
0.02397842048718158
0.004686287902079424
0.06039687102120807
0.025587375464693862
0.011137147678512763
0.09060028408984468
0.006207027703027177
0.002785868200977764
0.08555316287431283
0.0012905300836150893
0.007948530907765794
0.021741202163793546
0.015791313045133693
0.04872910228420438
0.023785567054239756
0.17347673327605656
0.15401329779045875
0.014936828080528585
0.09067424723484704
0.01959123529511948
0.05350348185713539
0.058998484510777965
0.09024759598452438
0.05812080723379836
0.06481871042916415
0.01387845792057125
0.007975418957313334
0.02389504646696901
0.009149313420306612
0.028856865337841008
0.04491916603210988
0.017287211572467577
0.06644492882840126
0.07814024687273351
0.04019030204033548
0.004252142692117601
0.021993420589352088
0.07035058105339594
0.018507185267702803
0.0040215646240014105
0.05171588215253867
0.035136221800366366
0.04912399579041675
0.0404005335154144
0.09460569877547828
0.04513410392065103
0.0015948811033971693
0.01899175002652717
0.06474076507988333
0.04474537264667993
0.08445179320907845
0.05875114665013801
0.022186055378220673
0.023380926298713023
0.022325601821714065
0.11210393099228212
0.021696092466968134
0.0059885886323814514
0.026994835967837343
0.029353809650007737
0.07477845091897511
0.09040402739314937
0.0071038466350160845
0.09917722657674956
0.04203334102709322
0.01890001348204797
0.21860538372911872
0.04378000640753613
0.03412830727543925
0.050184243497782714
0.030036446592515573
0.07525496275340889
0.17161076328334088
0.020691434684393366
0.019455765878345223
0.06623807895107355
0.05465322113098952
0.14490336745906304
8.306814975475378E-18
0.07511611866343658
0.1333710295260443
0.033393575167488435
0.043001084629986974
0.021107666928776532
0.0037082547622312124
0.02543206206318818
0.015411206102561428
0.07871879709502497
0.04455522216920423
0.02675283550100864
0.02462134194422886
0.11238607360399379
0.006768972171589126
0.025283370645713114
0.044708297988870715
0.306114871168151
0.07594683214920331
0.0966336761183026
0.054197314057212016
0.2210698669380468
1.5468491982539638E-17
0.06205956700930649
0.07213271043141194
0.049356081197073215
0.013309586212123739
0.07961830904215435
0.05637806951513944
0.06100674569099884
3.8802683761818296E-4
0.035894290384504764
0.0072690719674002174
0.03278114275945877
0.1802750104337141
0.002089819288795753
0.11560354260639753
0.013621216684095851
0.007057551186142122
0.05064668481440813
0.15539561775346356
0.07314277755872652
0.06277696472518488
0.09755960813479525
0.027066398739265547
0.14245698423438813
0.16115487010768853
0.006019242497671863
0.14623587446713052
0.10697820256608874
0.01860819580860735
0.11092292779864604
0.029063832125329994
0.06166082545434067
0.0018842218657457005
0.08482042215265578
3.285238323143903E-4
0.009592775369688243
0.015389679096750665
8.058916238966149E-5
0.036957159170539274
0.08958678487590006
0.008687237911345616
0.11817648126464737
0.059069115105737584
0.08151150282923972
6.343517185325792E-18
0.015348483597265941
0.014471701441992337
0.06132024916651531
0.04020996270337504
0.1024018251863126
0.01948237374107032
0.05970446215134347
0.052982463429672784
0.08491308867387322
0.06291206397051184
0.018472026177161927
0.029166270934479033
0.059565913837097625
0.04711219091272943
0.10040574789507516
0.013587386516956922
0.008081472332080954
0.024899638268217863
0.07167723325660282
0.001463545026599329
0.020803308310966537
0.09564219417271554
0.09258237680720398
0.053495302506212254
0.03128297555625415
0.033886756006649324
0.011993104263601633
0.001842750525327526
0.025936372380683827
0.018357383720392074
0.014358892292514299
0.004632976918321656
0.05758957445240471
0.016353355055310423
0.12416723507238049
9.924018109920675E-18
0.08191967130894681
0.013195666755913868
0.0398444825883297
0.04084108195270511
0.0016601035476574142
0.012155158803775363
0.054946069133202144
0.019115558095360814
0.027641170165696734
0.03808210364214364
0.09134421480399049
0.012338338061864908
0.04896227572657812
0.060771036389622696
0.005936771288724441
0.011471179476071694
0.0237621704012891
0.025298708669132322
0.002617105281223689
7.960099099422746E-4
0.06092950629373906
0.08922833302436538
0.01019400247980516
0.14711527105793668
0.04276318096784266
0.026674906914006133
0.05806593617957475
0.05086802854316401
0.0023426589410806974
0.13294443459944624
1.6130414666568817E-17
0.06725127236940541
