0.21987519058780977
0.14044408470840564
0.02349580318524417
0.505708022670311
0.005171211782692159
0.049900719000536095
0.09589342803396454
0.033360119770235334
0.09507731456830397
0.2038806431222014
0.2410237138509157
0.08407346485284396
0.4214383926605425
0.3736018772498027
0.1164385549284191
0.061708334212989886
0.3244698050377149
0.44527848106853474
0.15531399810771615
0.169059458256731
0.11019755629942779
0.133969740230904
0.009803884913977256
0.06087606092510811
0.04750374387429628
0.2199153758764247
0.03654372492757836
0.07661477518317904
0.14376908936931562
0.13899652447397126
0.07716170929264836
0.06108526014579583
0.08131385561697577
0.0215415807515586
0.1389404203369537
0.028449622856582438
0.05235561474714807
0.06315932983854347
0.28629991422002327
0.05329270846189719
0.09912419243060326
0.23749107062638072
9.751843668939088E-18
0.0665437214228873
0.1890262094158844
0.03334465487875146
0.10817769377535219
0.17966232590081907
0.2472866982493622
0.05374584850688057
0.1969839726694855
8.32693895571441E-18
0.01648572291226036
0.06883317337819042
0.11633104618595175
0.309961628050698
1.3803949421459627E-17
0.03629035692367852
0.09077511129854102
0.20063554498323763
0.07135292695809836
0.14293377855777625
0.3069667289655731
0.0720159435650496
0.103641788708934
8.21564004842241E-18
0.14775992821210604
0.013109565700027408
0.1439686026595093
0.018639401480453812
0.23516057319804112
0.5217106474564694
0.0501444302443682
0.10186832535980746
0.4427503858370031
2.129139255476009E-17
0.15739890666743972
0.17497158312725736
7.540246377651383E-18
0.1277105133267037
0.11449438224378998
0.37306059228012667
0.013331114598875947
0.27056692729775006
5.386434809924799E-17
0.2921881026446518
0.1312744710421787
1.5734935005879806E-17
0.20815914288154955
0.2410743830504992
0.015087407891136537
0.022438498334858427
0.1507480839633552
0.06720153532913033
0.024178344141331666
0.026132073486901667
0.07427711847414016
0.011657313708230478
0.03889740230328646
0.014622604562213844
0.00915798457992062
0.002632732048836561
0.06192489380722194
0.11267208705180791
0.08592345917665176
0.04517683554177152
0.33170270905890986
0.03161190290743879
0.06250084145096693
0.32222916432182386
0.09287993607374664
0.17709922449054538
0.10209620201803057
0.011416592107604812
0.2808024852343788
0.30657659476592736
0.04062101333310511
0.39381448638525496
0.2088697855203711
0.20625829122258502
1.005580059340219E-17
0.021279227640589784
0.7667611438516344
0.02101132719136012
0.25885502213853134
0.15952913624719248
0.08264679041173814
0.02513426790318107
0.13383139040212794
0.07307640746627028
0.6431815359624486
0.19200882631401053
0.01272848248343583
0.02604706904222885
0.7016850903475944
5.2484477648853886E-17
0.005352771914740181
0.12282401624980908
0.44906850897188594
0.24540759936688833
0.34408988271217494
0.0690193711928326
0.3765746970546366
0.02268985417530059
0.2979657872921703
1.7255300405723447E-17
0.08616918331437767
0.03770774468279301
0.020412114777631253
0.027256907690650978
0.16557530932916678
7.716802705283101E-18
0.15675893083032308
0.03960848267942378
0.02566417909370525
0.004522373813198823
0.24249492684083143
8.247566429527824E-18
0.09209365253349391
0.7335311196660138
0.01196484810679134
0.2457446487918575
1.5507555627300104E-17
0.6677342983596143
0.07424429562019415
0.08820714806122726
0.21531190848947235
0.03569577714535557
0.13046821595533878
0.20850791319167222
0.4946071385167272
1.5101992449841034E-17
0.19275372164296467
0.03927970817018346
0.23288764392354402
0.2796106993410754
0.03131649537327299
0.11645708886101641
0.0035349968026939446
0.11643772330505356
0.024993501803859473
0.16253431472840546
0.19396536956081714
1.196356455884347E-17
0.16988743394783468
0.1396934527010658
0.1447576495855406
0.04454550994698861
0.15436437275986895
0.42085447142653387
0.003900785853147955
0.11232996861928708
0.07581086971376944
0.08548713498256559
0.3146412290478543
2.2205203314047748E-17
0.00836153405841606
0.11618151180694075
0.28996681786831624
0.01614900338165139
0.11864057996546486
0.1926695437401284
0.11189644447249802
0.09203313519046817
0.16476936933057343
0.17837900445392452
0.125468043960493
8.260282864078791E-18
0.20609961240605054
0.1376470129073549
0.17887758574603788
0.058315348405489055
0.1728127895642848
3.958575988377183E-17
0.023459092963918623
0.050505698384472664
0.28942514030303
0.3062443709381934
0.15358429924069666
0.003281041315530092
0.14324347187499795
0.1028454956453802
0.4728668230174593
0.12507423650108707
0.6840657923338976
0.5172572457226126
2.856648810172477E-17
0.060578108812982895
0.19699847180201427
9.948787337234144E-18
0.07177978238098862
0.4362569634633274
0.05764570882216423
0.16377995353540933
0.053850250497239516
0.0828195840560485
0.08448650511261453
0.25293287848998325
0.049943392757168255
0.09238989984030103
0.1157922983574527
1.2521897975138787E-17
0.1290523463699768
0.49918884409665737
2.075865124544605E-17
0.3957598577484447
0.5967490736873285
0.07122435777500714
0.6995925313577809
0.03451993959792762
0.1666281319399027
1.0874929539662485E-17
0.1812439388724235
0.08934920059883239
0.18491235372123901
1.323858516568077E-17
0.1801278083674903
0.012249957575612135
0.029669852834965302
0.05137886173439694
0.02155789287170702
0.2009616293221347
0.01510134769349472
0.30468149926687277
0.12312528576073214
0.1082816565413651
1.0988354551776806E-17
0.17381191523837816
0.35850564195893925
0.1102704095470823
0.28062658218108827
0.22412075766790213
0.45372509756830454
0.1002988787375723
0.07393380690723883
0.31957748977610895
1.3607639430772778E-17
0.03492057143893445
0.20455087670793726
0.17057890354023408
4.2502496439588594E-17
0.014209915814432211
0.5013720266657459
0.009496860552735025
0.1078075278289113
0.162361382810752
0.37749495845770886
0.1547809845674759
0.18536367920233787
0.3563343171249856
0.14769221651689332
0.2064089005423229
0.008235574927133033
0.03180328959441615
0.029078829120110023
0.23471663367015977
9.099084307034378E-18
0.0029329202889593034
0.25545606235902674
0.047268778937369235
0.17321351933843154
0.09557146454573479
0.19897631733017945
0.40217093739858323
0.01467815354971698
0.4268338766736911
0.02172086322757707
0.6397388433376624
0.012490629744515787
0.5590947111216646
0.1484744157675157
0.0375232277897186
0.05981774988674976
0.14274829617339763
0.10514527664085883
0.08441020206456246
0.13236761402382466
0.1218434031291115
0.14333915149341656
0.044368510710358064
0.02655603765846715
0.08548613153046462
0.032090267053472205
0.1254202858800717
0.12236481219771703
0.1033346618522904
0.26020432333121546
7.730587114308743E-18
0.18818173876521302
0.5632191629933327
0.0018811201448288586
0.33511009760831095
0.23367660313450353
1.1930850605091491E-17
0.7543234657483849
0.34350674470107223
1.7278422323210824E-17
0.04747387862829955
0.39791247111463807
0.0372896670175754
0.23306204705655295
1.1567369038007998E-17
0.06559479339489596
0.16681567723881516
8.669592894500577E-18
0.29827466661558916
0.059655178523817215
0.2210348541651085
8.978307378858949E-18
0.11244657712539002
7.646347888947325E-18
0.3252093840871038
0.4138229209080156
0.12972290949212864
1.2856076458446822E-17
0.1254463990301314
0.6130769344495204
0.004818861416213923
0.040677596002950525
0.28401718592709585
0.1547028903963861
0.0740468542740972
0.044086240522640666
0.12015050593283692
0.06266240331796973
0.45601895591388325
0.4691254104783841
0.6851382996426839
0.20359141306370537
0.053064407749988045
0.04096843968889409
0.019315055012915756
0.03657286009390314
0.12164751851089228
0.44747571838375055
0.03432324808635865
0.31757392854060956
0.11550956368138605
0.20605064305147866
1.1306910751800231E-17
0.03481114643200232
0.04036647488870916
0.19711007286148277
0.8836522558777381
3.73529190607934E-17
0.1197153092270663
0.45534403073864
1.9557656504644483E-17
0.021806400668172188
0.041733668382419084
0.1746389010062111
0.26413757876395233
0.07480906222517447
0.2246168025282094
0.17367130785516613
0.0605416193848626
0.03958475455091979
5.785823057896067E-18
0.08010916351722303
0.14898847646195948
0.1563545866379758
1.0205189511872561E-17
0.07744523041792195
0.01757941356274007
0.06419084568585315
0.026499869580782685
0.060825350982057706
0.02713844074953511
0.03955429549870157
0.16016580955434753
0.15139561414497996
0.6162083720495611
0.36727579792871007
0.11930577155949232
0.01962455355877538
0.22307350939807827
1.4303481732795642E-17
0.21047906718960152
0.5599848362854186
4.5150174720455863E-17
0.38518024275381163
0.07988910069808025
0.2716361022280266
0.25280087050530575
0.039966523100129284
0.24364419225170178
0.309997649698479
1.0599306421507341E-17
0.1068882188475605
0.06879030642227094
0.27601871244890935
0.34311440249552433
1.1225230020452783E-17
0.030223375154859386
0.06206341301202917
0.12026513627971804
0.023607282448555537
0.3672486976418923
0.1852240760478256
0.22011664245072204
0.024263710039003017
0.002970155734501451
0.011362884185496233
0.23858565600877746
1.7398933134614958E-17
0.054094815661180025
0.10784754110958483
0.008375826807367011
0.28233323526604315
2.6573658303959543E-17
0.01856456111592509
0.03533625910357677
0.1346973659439764
0.15423890461397496
0.010483636858667827
0.26628087300407394
0.1608824902828429
0.03094818353772621
0.5012262160842866
4.167589764924328E-17
0.4005676328033487
0.035745460011735716
0.11597291873119893
0.03338386279636251
0.6231236398574441
3.736427656144512E-17
0.09986791815181446
0.24282600391668208
0.0645878168608463
0.16818495672248052
7.242400150309704E-18
0.06880406984598382
1.9695548404055313E-17
0.08570801136203778
8.669592894500577E-18
0.3565577665306182
2.7066252064275676E-17
0.16741157620899486
0.04347663236578354
0.0515744785840348
0.5084433459838587
3.5930219887081386E-17
0.012360756736163093
0.28449927425447463
0.10572549314129898
0.17137817981761427
0.04001127201640495
0.11083777041443425
0.013322151200938654
0.17021877731664867
0.24298788900942267
0.02546155886299497
0.1406006433210379
1.0978147599127073E-17
0.009815915177285407
0.08822642516564046
0.33851885241330526
0.053053257496585335
0.28014630643068866
0.08012781041680035
0.34075002967064877
0.17542572810812332
0.18295525983615296
0.1420255103429807
0.001633560384268368
0.509706516719269
0.13416578508651808
0.1143178758340093
8.82168228633027E-18
0.11337370980235982
0.04716087522974658
0.16508889119145706
0.25269292918302183
0.06171435171002592
0.162557683758716
0.34786301329653335
0.022116770654393793
0.08120585007217608
0.25091633804202895
0.09226131038461158
7.559830074670713E-18
0.03805932750414748
0.04769518670044524
0.07697916358903878
0.19410723432849677
0.07221478009805814
0.35801455840040547
0.059102019080412675
0.00397809033242575
0.03647464561700756
0.335050541688255
0.16053053569492234
1.0852280657352626E-17
0.30788572806878167
0.25964799482139705
0.16209727415927191
0.21229252656011718
0.3933908415158201
0.1069070008894954
6.547586448520559E-18
0.1707713445749911
0.07690436104938472
0.28528088050078354
0.02931077671380927
0.037838484435033765
0.09243411280161792
0.15720072474373653
0.042297356435714924
0.44963491754544493
0.07811794180033464
0.42203338484901526
0.1694362927178408
1.1102416402453218E-17
0.05042905418393579
0.25039642231050724
0.49019713807501586
0.04273734236581152
0.2326551020531133
0.001854535529834593
0.2985357337307162
0.2602856202839387
0.28591432391017196
0.28419338549116535
1.2297299252707595E-17
0.14564433151325276
0.3260463166661522
0.1209652566105163
6.827203844469954E-18
0.02053882161248438
0.10213762013361902
0.15571905048406193
0.1977844317052747
0.21600363386588017
7.093752168400606E-18
0.0633938604991318
0.028620387973535968
0.028402795415243424
0.13093019990405083
6.81589964918799E-18
0.2877987792182554
1.5046126296818072E-17
0.3165850918873857
0.03907286700460232
0.0703384254914862
0.08223032142163653
0.16882281334313198
0.006624622771140894
0.19107724800597586
0.41462679900887167
0.04228289728341694
0.03596189390896566
0.4593908270047871
0.4402432004316977
0.16963807185278873
0.13399611492572167
0.03176919092649158
0.151624175240407
0.04195201153729014
0.008960557629525285
0.14514107276140462
0.06035930737186595
0.12966618570321353
0.2329953709197301
0.006755791552729779
0.15983227215891213
0.035514708299525424
0.026652960773715293
0.16455608228794208
0.4618891055042388
0.2334625870776221
0.019003723646741525
0.0744037243396539
0.2781920450438685
0.14063091896951757
0.015391875203846783
0.1987613017874394
1.5086162423669788E-17
0.04449664238518716
0.07577671850930956
0.15350993428107698
0.048373647404699106
0.14631606190355106
0.2942782497537784
1.0115742489383872
0.11293916328187867
6.689976949114374E-18
0.024524833263089296
0.4432017817217721
0.25724685649823764
3.932937396439643E-17
0.31629192561249253
0.24516414775072456
0.13793088424827193
0.22745622171294966
0.04226493413426246
0.16578868899570032
0.14141037201644385
0.018531141992378722
0.006050039740879678
0.07055789415825303
0.013132605441587236
0.18264187446843747
1.2272547880158405E-17
0.10865947686140925
0.01702670431112563
0.2803537042726345
0.2376261523816753
7.187372954101666E-18
0.025089570156249852
0.01693801814176162
0.20527907587707897
0.10910048106324867
0.26361802993465644
0.19616887446965184
0.006147115422110891
0.0732893343051777
0.10431995504426816
0.5293848287597466
0.3955049823196911
0.25934330098671626
0.11205536392499833
0.03268030691646696
0.029576462529029682
0.05805048037158019
0.29031027886199645
0.22530483898312056
7.388399615592065E-18
0.24692402836881014
0.48957701493359146
0.09982756796708368
0.047111794696227595
0.15601700656926346
0.11388164753407401
0.3234456072216735
1.475180338853844E-17
0.2915075470817426
0.11408003519119321
0.24255813071316892
0.016377880651870184
0.03202296618255689
0.022441400306862962
0.5288375049480799
0.25002486044202143
0.08830126144583085
0.014298320833105588
0.0021373943410802256
0.08743526001129087
6.9164605313216816E-18
0.06038006871103928
0.10221561070094129
0.04169807178221535
0.07126022632516953
0.012836591285063686
0.10018407846111527
0.08093826483691517
0.29958374617432576
0.06769134817448613
0.09570084804048323
0.2526918181805523
0.13468595602607475
0.2185101108729173
0.188463930571096
0.32812050336989346
1.4411891910190433E-17
0.13873273490442942
0.10659084752307683
0.02321504920676917
0.25439581500804714
0.054112449048434506
0.09851575043753087
9.727554080103395E-18
0.33127325388051654
0.04071997116245861
0.04801107198671912
0.6842119536238701
0.07258661004523935
0.5334530036643897
3.249670786262325E-17
0.04111257292551886
0.29828250090411995
9.500419815448662E-18
0.2821464640728123
0.08166219224686307
0.009530355927964359
0.42578006643736915
0.04960664079863558
0.6959344429978394
0.42182211491748745
0.23872181055721858
1.479109043160049E-17
0.1071335818383001
0.3496547973796999
1.326845887298978E-17
0.22073741839254993
1.1466387594815599E-17
0.043575173009050706
0.1388888929725953
0.06981895272967732
0.06180403779618144
0.05700557529866427
0.07846543452443736
0.10193013770966662
0.011533052427021887
0.06832323450941913
0.28832160508264043
7.539258161270782E-17
0.07627372388751992
0.12126076970015373
0.41955467837865135
0.42731921982845184
0.17623338969128036
0.04281647216527029
0.04945438338325549
0.06611474684227167
0.07899111952039717
0.11596914318525378
0.21884370227544922
9.26027019054735E-18
0.06951848821453503
0.17801858132801424
0.00553103657561851
0.10952101471697281
0.38400457983277836
0.3331266735553018
0.004424584456579967
0.32459868846048084
0.11781065097217898
0.1133197301200164
0.3120113745154131
0.14122355485321864
1.5563253862997512E-17
0.28164026245687923
0.38506498179360465
0.09191137285427572
0.12926589732164998
0.1412854110826733
0.14437870710820463
0.06841253498261948
0.010857766575837063
0.40303270371589844
0.5411884175185693
0.37737512826504155
0.03295652077714225
0.057187004080945354
0.20826454657430987
0.11449646015850652
0.021934917697304192
0.14822845768206624
0.10442390187874218
0.12314501013377115
0.08336054286256711
0.035283905821426625
0.22071696034126093
1.073180913086093E-17
0.034292538213819286
0.327269216713965
0.03334612228622493
0.3902213716203407
0.002957541206892189
0.45002233957424215
0.3190314846937321
0.22064475761031746
0.2526420189062658
5.3151344937719336E-17
0.2846353661696079
0.578989299012998
0.025985753332553218
0.01455151996888747
0.08427142717808751
0.004946846231380447
0.36556900071552045
0.22359673264069058
0.4162301853771265
0.22572612456997804
0.07789715316577413
0.16935291667035604
1.0710561978556647E-17
0.07483535916422025
0.06486124054597356
0.15242736901719917
0.05179250987309874
0.013032017122581245
0.03573676210753578
0.07352591301134041
0.4169662862497315
0.04911843933525856
0.08930255272038319
0.08295518681915479
0.1240650559788717
0.035907324992610616
0.009215743670131085
0.008053832352379506
0.12276172441022568
0.12546548360601878
0.2725247552230773
1.1039766610402386E-17
0.16484178734867952
0.03303989446226081
0.05233059933772938
0.04219855528646108
0.3771558403425602
0.06954252217655628
0.07644239033561497
0.15839498714519945
0.0586701241103726
0.09969845179017216
0.3369552252408719
0.13406977113126528
0.05378725785962169
0.024089478756109797
0.020456262896910198
0.01416806326888841
0.4534231915333531
0.5116030424241198
1.9722798286260858E-17
0.060747628980763246
0.035672465737228036
0.06926026112239435
0.3199594065984395
0.04682760390119498
0.6339757397972273
1.8156893971243412E-17
0.11280888548256493
8.236733360486618E-18
0.2880672501698334
0.5789505633048427
0.2790296918345995
0.14791552329677718
1.4853325008099234E-17
0.11777382392214991
0.3191694164056034
0.04363141375412284
0.7477994337961793
0.018627607640257556
0.2803526704785897
0.27320289579604967
0.13882039408191454
0.03409247639090152
0.17018277223154576
0.07703717222632625
0.2073265169519456
0.10818286092382486
0.5126915392389259
0.3103364168742563
0.39559077157458494
0.12998050270320563
0.1084672414867674
0.06368727200495003
0.16924303806216268
0.15021902690968036
0.03809180855888364
0.14266898212485737
0.14641052150008763
0.019018097917256487
0.1176679133990973
0.06634907259947528
0.05962904200885784
0.07858776343750573
0.7189494039758672
0.2651884366259466
0.2923418350035222
0.07190217036510115
0.0014573781758328548
0.18994095009281523
1.0882160037935215E-17
0.10205798415862455
0.3403338691531838
0.3742006348064228
2.3492104618903137E-17
0.1574379421352777
0.016029832651764567
0.010857072672788234
0.4268818752141265
0.008522117457400197
0.015289376406925244
0.22544243096618652
0.019431614028186626
0.48718542943156845
0.23488191625829705
0.10137190476125722
8.200310948369748E-4
0.6087252611449331
0.11044964201403291
0.13060600474888384
0.061319719927884216
0.06374503631103456
0.02531505304646947
0.10820673224324034
0.25701021275986563
0.3521613109417161
0.11423028945342094
0.47909545849074336
1.6775218076249958E-17
0.16109860485981814
0.3167316638767774
0.05191769170590319
0.10263865653950766
0.3215071524850292
0.03628350163063869
0.21662144943663061
0.0335548299044956
0.1435546851363801
0.5335603819039046
0.07240172337029004
0.21320394109526872
0.04301007160696694
0.277062584349051
0.1694749844451821
1.0929915210264176E-17
0.4287564149450238
0.25473347994252893
8.613401280396888E-18
0.3355146015300609
4.673795932400828E-17
0.09977639205560361
1.0641733091324244E-17
0.021528366949718224
0.2664076328262242
0.40464528422644025
0.0861635076139501
7.263642137739916E-18
0.05496736670416803
0.004961337917160353
0.2741648763075091
0.1454760797339783
0.23040256815692586
0.03619447148899352
0.002852135043657548
0.025790220881353115
0.33432469408289456
0.3305833646781012
0.1388965350095822
0.08343163000011322
0.2130889240541161
8.328878207504854E-18
0.19233804228733237
0.06640220161326198
0.05841971132505566
0.2032311637632606
0.1686081588191541
2.875455446679376E-17
0.009108735410578236
0.14388385855801944
0.21914425903274898
0.2750417133912276
0.1654082863448827
0.05744194950539446
0.2782423297268662
0.007817286509074607
0.3979720993816941
0.4910114344080787
0.04803483274797747
0.16470400763132712
0.0647578586933795
0.0416099886777708
0.11322260971781721
0.09049135757886344
4.643973223102545E-4
0.3910441219023853
0.08768806668529672
0.25194059271444497
0.1543472077421689
0.09679927543580606
0.13610496700036592
0.07728299158379645
0.1560615060608624
0.0764701159858106
0.004985111599010571
0.015165730238977177
0.5670189605562188
0.03158584931211188
0.25121408989062965
0.027292283261644155
0.24491995609740794
0.05975055930832916
0.2702927395348598
1.098918992278411E-17
0.12178529465970811
0.0954834483521096
1.0135845156803712E-17
0.12769859413339604
0.09388788911885469
0.4945108735437455
0.07374146001535839
0.4196131762782918
0.39888647631004776
0.1112912035745822
0.1397869580397925
0.6400635800960042
0.06746968636162129
0.029976557861696937
0.24104946068276295
0.08132382101428767
0.07490387539908623
0.3286904055733593
0.032553676457914384
0.16839734779044124
6.960313468183584E-18
0.10298118371811799
0.0035779816227573943
0.29555785812369284
0.14455534326000835
1.2816306624078926E-17
0.15753124228328855
0.09847293745432102
0.023604465411063612
0.22762196911598073
1.2988022393704946E-17
0.3712543711574899
0.670124388294938
2.344373895075388E-17
0.16902980551742278
0.05176171337584958
0.001225979175962404
0.07182900958178239
0.19351347032853544
0.05801887117405843
0.29651917551357077
0.08380277464197766
0.2345441299322611
0.390977025410054
0.285596892280891
0.08172548905581013
0.09393979104177268
0.14551045021436246
0.032975509771605155
0.06016272377282704
0.04058828279071408
0.03179714700791498
0.05079981288885412
0.010624026021371127
0.16089080965325683
0.007592124774643993
0.6010766040574577
0.10042995832242069
0.03595582783645081
0.057295935376688464
0.046349029776698386
0.24687839257073255
1.0615503759239402E-17
0.10501453282948557
0.8639703535978116
0.009519007395447355
0.03159345544431169
0.2887988698504753
0.06207905796496429
0.11309519218507529
0.19825645012838103
0.2320759445061084
6.441652868778186E-18
0.0729110355928566
0.33836601843246744
0.20986604731610298
0.27849609263824754
0.005323348090636568
0.012640476019788805
0.3138023224370917
9.873750241581262E-18
0.03637607997368475
0.494006657375018
0.09057874634865905
6.5621230910388875E-18
0.06220723198608322
0.25205341839272055
0.0047506529739622175
0.13692239362993153
0.013266101227117834
0.3894020925658451
0.2665613796148717
0.10259455794947063
1.1073754974514908E-17
0.018096104559337124
0.04441144992365232
0.07606451864879332
0.12499334063754915
0.23875172435790398
0.01574563636099765
0.045086042000833035
0.030967270584955478
0.06834609062594647
0.35004316330176155
0.030184774381626846
0.2616801715582756
2.11845757949089E-17
0.09911850598153808
7.443508847521642E-18
0.01219178921569774
0.179817848195968
0.2240135660857985
1.2453555895339578E-17
0.827834727766708
0.012566327702597805
0.18191593013880536
1.3430986395085589E-17
0.0828596972143457
0.143799630173432
0.3994763775474245
0.4935269461151416
1.3909463110122652E-17
0.2231412323891936
0.24092982818247
0.12445887025046536
1.2871354752122752E-17
0.40503784756119277
0.18580760588284032
0.41923680418534087
1.8812838822693346E-17
0.03909741067465395
0.009360456537047783
0.061205442215621256
0.21921331978379668
1.0106400860656006E-17
0.32031194087313053
0.046621029349146005
0.2878460078795244
2.2311403214870038E-17
0.13717049726963834
0.09734317470629664
0.10121949758379761
9.629924791891948E-18
0.09064832903861003
0.08582019069861647
0.15285842954837406
0.075259947752358
0.13789353479640395
0.13764291131477244
0.17362998385710432
0.07808248566723675
0.5867068273214158
0.20180625681404554
0.05821642661182695
0.1693419105288453
0.2689890962023954
0.19796106395793764
0.4168345493838933
0.1024500426643371
7.443508847521642E-18
0.4775204548923288
0.1382617336333196
0.08964849472600478
0.18973248698249287
0.2926104510042792
1.6062665926619507E-17
0.2873008875122116
6.287555003861916E-17
0.21243567134133834
0.10662610691866024
7.16574427703712E-18
0.14722993182940278
0.06645498720122972
0.2238405763477896
9.468073128199658E-18
0.5378899970097946
0.08610738912320626
0.08055026619407699
0.014057362260187204
0.7116727034394471
0.0874063307154777
0.09108032827861874
0.08832267029922664
0.07032667754363454
0.2059973885663973
0.20341070289559204
0.30114001379335154
0.1898478289957704
0.32570187408300083
0.32021230262090217
0.06376265761595473
0.23314294120661413
0.14999316985657232
1.1258659966036977E-17
0.05207683471065298
0.25788377506080656
0.013609647447310263
0.058580549142520026
0.3444352852173514
0.008924240217075378
0.1263608156805186
0.1937389301152662
0.2112730382888559
0.010136077143866436
0.051195182349254846
0.35316866767178756
0.14929468206292937
0.08935811820816533
0.1964422122528924
1.350825982314984E-17
0.26069963640357446
1.2541237730086406E-17
0.02782422215555034
0.17080182922717396
0.20953075462800763
0.15494843888988924
0.13914569146335684
1.1570559657513932E-17
0.20754241751904703
1.2871354752122752E-17
0.37446666325692407
2.3206720110657742E-17
0.01902012902607043
0.08030300160882892
0.027289245532727168
0.2975036393629379
0.008862999305226734
0.2456390379530517
0.30121170034397243
0.10218705339939398
0.3630658597450688
2.1452683388121436E-17
0.1328532181081136
0.19390126263345933
0.04193185489303672
0.12298880176063247
0.03311700378792683
0.03127713629239326
0.36682558503073165
1.3690980704539641E-17
0.28573354213546426
0.0452233020392963
0.3599815176125095
0.0616512391883877
0.2512679715716979
0.0845201728822477
0.5330933885903046
1.146202256181945E-16
0.04700074476793238
0.0061630045794255454
0.10519676022505743
0.01306863080418374
0.0019497180431631298
0.18041146544666167
0.038662349610309996
0.20994289527517274
0.09031199647559573
0.15384964474226814
0.4779164071678561
0.27327746540003245
0.4990825886791439
0.35397734585909557
0.1625682322046536
0.25919857873017155
0.29366048974252273
0.876924959397148
0.052572679817711174
0.2684509879177921
0.09741950719160415
0.590069121931306
0.018182218217155086
0.24916970486687018
0.188275528016484
1.219667500647041E-17
0.027451145874758213
0.1000908125419094
0.10444754007542476
7.814785713498959E-18
0.1313309198622906
0.062436932608758614
0.4213513622107814
0.06934732727708309
0.016146194709629125
0.005236962118898863
0.2573754229193402
0.191589262002059
3.211477479218254E-17
0.012016691577789788
0.26859059308668604
3.068541035453068E-17
0.13180850810234007
0.1902349739678185
0.09310021121782318
0.2091613551967689
6.555278010270363E-18
0.014887780541695959
0.10039122971889121
0.3541418722092346
0.013145420358205777
0.5438261744894125
0.0733702362015789
0.21391299128511856
0.3951254536007158
0.13385873558291062
0.15544486801196655
0.010525979621460024
0.04609569430697488
0.026295214922883496
0.08640905826026389
0.21836150094108245
0.10739835038411412
0.14698764437537204
1.0589251675179079
0.004075819469595374
0.08283357067358411
0.5049642171438741
0.13723715281767757
0.18404503470380898
6.944261193722731E-18
0.017928015286704856
0.21009208039010827
0.08999108506117914
0.13252700237814954
0.05619164761936886
0.02364836631741352
0.16668783430846312
1.174764808351394E-17
0.20890667745503042
0.0728771600735692
0.026226738029384668
0.02833119376693583
0.025314428838182863
0.1835809888544691
0.04009791023928474
0.07619290246993032
0.045592964598065715
0.2273541551536418
0.5324289740232008
0.019115551626165378
0.14714081868624712
0.3325773509413802
0.08985008726626223
0.020626160958464496
0.06132639875837335
0.19438455756887651
0.13494036042256458
9.856904418064053E-18
0.035444180268968846
0.519863709999135
0.20379284992685648
0.2126686944189682
0.3753209219164812
3.668695578898505E-17
0.09029707385781514
0.20885549954890795
0.7711438185601738
0.16670728234829055
0.23522524456074143
8.392074358488245E-18
0.19913289087592742
0.15768915057977426
0.09213399366429918
0.10064205816247422
0.029217192603780893
0.015861922009389965
0.11236644944332391
0.07425801425658865
0.185995540816566
0.3129408043650471
0.13718965164156954
0.08405885187105365
0.3106753100875449
0.16287132996090709
0.037479002846194966
0.43299986073380164
0.12515224927926785
0.021136364197109316
0.03257048251758504
0.16048512732696288
0.1859251375376198
0.26891770148276906
0.08590141173068641
0.058711328774381476
0.24227996650385145
0.5538791031808982
2.4360489543815674E-17
0.017284213849117068
7.991589519517094E-4
0.2961903096762342
0.06643161218612532
0.04839831870891515
0.1313729582970781
0.156988234524336
0.1237641173236785
0.6749659438198861
0.035472128103026766
0.03739257710521227
0.04749073823955833
0.35620557185167356
0.053349742328703896
0.123261284813021
0.14741121097340404
0.02374133767396252
0.7141784343586411
0.1448034602999231
1.4021914172514053E-17
0.21190192511162967
0.10190011648794159
0.13141504524399547
0.1380119395921093
0.365880806303508
0.07602764488179098
0.40126868880833216
0.021854815649930383
0.07139240542432448
0.4025054741123985
2.926425091605753E-17
0.1797638250878091
8.392074358488245E-18
0.1368545786291276
0.17751719481312353
0.21320988929641596
0.30947157325935265
0.21768778005866013
7.23668305591031E-18
0.15962583442486203
0.17199704391460277
1.2060704651995785E-17
0.22814636383250014
0.04439194124119904
0.004239056709223578
0.15941297383179673
0.10109188733607537
8.646270170050911E-18
0.25894263568709375
0.0832328299591109
0.19525004506577912
0.1497798485057248
0.17685098089601664
0.1405838555367806
0.1317854423796452
7.048796714864071E-18
0.0404234112250131
0.041299788182837784
0.068270937254213
0.013018572505208131
0.24828264940659345
0.10729964285338481
0.04545556715199517
0.3312543722100909
0.10561734675448517
7.665965005312871E-18
0.4105485780368614
0.4396647077823357
0.11247738980792414
8.906311671158095E-18
0.11181557958202622
0.027942080070568826
0.28930706143134777
0.10805357547690364
0.45812743112375315
0.36727307781142504
0.017950352372480775
0.01906714014678228
0.26247482699355046
0.16457785770641645
0.14681138198386023
0.017171391732057405
0.08784448938770374
0.7285891070890775
0.8659816166218941
4.2859055681935776E-17
0.1918525323432019
0.10686085997866225
0.0072093351438067025
0.20656131609255485
0.04569166447337406
0.1560319383945827
0.4853645375322323
0.15889719019220316
0.06134156784629151
0.37537041915105535
0.0186077043015381
0.17552593763897414
1.4175921592092968E-17
0.281124393964294
0.26154744442692884
0.24990229839572214
1.2252996140275328E-17
0.05772465920751575
0.0803282227216116
0.14125579810911956
0.0877089086777985
0.28596741856068414
0.11125412815281528
0.20339862755647306
1.0358320644244645E-17
0.07152815232449092
0.1737958538259852
1.1811328826235206E-17
0.8421000237407164
0.1064282976720657
0.019625596763382186
0.0731629631030135
0.20313446341105898
0.19405068751707086
0.029508782108217533
0.19998152786226236
0.03435309096679984
0.0384130228679098
0.025329752779770145
0.04960039589339093
0.13021128168690252
0.03224262205068118
0.41693230039592566
0.16736803496738673
0.006001367565837065
0.22258060141272898
0.024439408974487344
0.2244306053176158
0.216758687728984
0.5435834137652055
0.2773814605103654
0.019690595670854065
0.20626102898228588
0.04980529641682705
0.011406076213945735
0.09256082579578051
0.01502756100552878
0.0397737835406686
0.8003064554920954
0.012269168549330649
0.038303811912368056
0.24339500616578333
0.06553590108866408
0.3288999342238485
0.07200778218777514
7.305242242220463E-18
0.13508943922487304
0.44255109556190514
1.8212841760350516E-17
0.07064980245169471
0.26292049173378457
1.3298629265629634E-17
0.0010236033414987868
0.02906937072674575
0.5884227413894979
0.03857646695261321
0.040523767295523254
0.03904066290726566
0.10778603911121817
0.14240165500188104
4.333274578482829E-4
0.07789021908987656
0.2992881953748243
0.45015646601103965
0.24066562915506937
0.13664398618277554
0.19811618837671985
0.5913494912726199
0.09608164691504034
0.17382329967888702
0.1447845864307855
0.016787300194753087
0.10707674639861005
0.0850928741983849
0.1908561068221599
0.2811131044613852
0.10367813024666449
0.2934059534914907
1.0358320644244645E-17
0.12196956146004265
0.12742930817548173
1.136773538567604E-17
0.13301100235799448
0.08627429823603089
0.06858457308379157
0.09214017890977272
0.1570890474409267
0.16940484880091616
0.14576092396698792
0.3964986802126944
0.16134773517380546
0.44113148840041405
0.13748057374403844
2.0685721292206256E-17
0.07089572332010123
0.10432157306311136
0.05698312385735863
0.9120367012701136
4.229696103175451E-17
0.30428204572382367
1.449183523586001E-17
0.3453925769693705
1.6093887533207096E-17
0.0861496133313305
0.07613994642015001
1.9364367342850432E-17
0.03312267383456071
0.15200956019871203
0.032435840758547115
0.09099046910985911
0.008001463273989916
0.026295227663170793
0.14417698637256715
0.04627623734166731
0.0597486686420544
0.11798933102011826
0.09372770377425342
0.07599487433848999
0.09477353457217907
0.33653412947175293
0.18785364535011123
0.039703237026934984
0.07202246286490473
0.1474850270807822
1.0374710711831806E-17
0.3842321886708139
0.07114763649429175
0.02018220263368348
0.11415499956502871
0.12820947222358967
0.3206134762178524
0.7046419821047595
0.09084232106956898
0.02345271959907728
0.3084637545363106
0.09159159984500781
0.03380078027077193
0.17922211720231296
0.15955766173003788
1.1475613300030467E-17
0.25770218453450844
0.06610188278341142
0.19419033317835108
1.5329277063755884E-17
0.11299475865767983
0.09610383385531972
0.06986223786859282
0.5312536603546005
0.17782106904234476
0.03235597639806324
0.021972883561318025
0.30982831011410633
0.19680755844579403
0.25996947509529217
0.07796990884219494
0.05076933192244097
0.07519949398582335
0.2231689248751519
0.4288047194607969
0.02974073621690674
0.018271079679687652
0.01666267189178031
0.09564962029886027
0.16484302250147764
1.1493096697939279E-17
0.18237659523153146
0.07332670599155637
0.11281663708625726
9.409226727242871E-18
0.05399670488506694
0.07139575165763119
0.49293579853108915
0.20499116800337125
0.12077450473078842
0.028979963021690845
0.12142350409983746
0.08049990063033034
0.3243675804314908
0.004488138793237274
0.09210101766721304
0.0972774690195291
0.03412609364044953
0.08478718363315693
0.5364562970433037
0.05802293607459955
0.07028861195525163
0.09987626542764909
7.304227264887803E-18
0.026001709344863993
0.040952867215843985
0.04714615257675041
0.203176497471574
0.25677663064929196
0.14628201297101107
0.11674312611356465
0.09270752513898761
1.3804442526414062
0.20870169442870798
1.057773162985567E-17
0.06486001521023696
0.3053232446993316
0.05843870712247489
0.06258536454722587
0.3106414301521825
0.4605051813156035
0.03847223798509324
0.3066296876460015
0.12129572997174638
0.31139119708086527
0.15272300630225785
0.13963106600031802
0.1720118781446196
0.07342469458709934
0.2720903532961041
1.5996295764609277E-17
0.12069462519326177
0.4211840606223852
0.0039677025094509615
0.025993093533959875
0.10066112500602822
0.01303153568063017
0.03169859443113122
0.04529796044278163
0.19238711082077575
0.2568802404063197
0.18929038419511168
1.0337989276234332E-17
0.015390524733765072
0.12533059155391243
0.541521367131373
0.12698770415124733
0.11651189180925009
0.05891102523373419
0.07504484414837745
0.06386490025325009
0.07669850529614373
0.5964717181113812
0.06559331375327161
0.025325529269314986
0.03965387547671271
0.7312113979646789
0.04393583998726143
0.1350533681013054
0.13410859398772995
0.07995295437985075
0.20076728820246162
0.6130536442539615
0.3612136592734451
0.2070041472595296
0.025916959184001283
0.2612682170053174
0.08733320214643425
0.2975824027175648
0.1057072408719813
7.586180526730566E-18
0.11949534035199863
0.27433924717170777
3.8613764467646666E-17
0.13749787054595303
0.19626596216297904
0.04570562397439883
0.09350471870616732
0.05444755317301537
0.12490031276791198
0.04028776696677397
0.23327041431749496
0.02030940035249048
0.06045370523349124
0.1066474303475593
0.19807960795859716
0.07679709458319323
0.057037422949100074
0.052639789887907344
0.6567784036226959
0.08323488456460393
0.12259881158923779
0.5319428655184234
0.25850852158516807
9.624266362426369E-18
0.19490465123276315
0.004014068465387752
0.16253580182138785
0.3797354172241543
0.30510808828742786
0.4451767662392056
0.03125084133608413
0.2577421382430362
0.13254177151376853
0.020859342058542094
0.003108394379449013
0.39880869299314986
1.6771304158934272E-17
0.004108570979830979
0.09390397140049585
0.027754974953004774
0.16058426921323424
0.1524787011796888
0.013229602830658275
0.056616513210603396
0.17434210016199242
0.42786428449978375
0.0874053364770648
0.39284132764841173
0.00984550490196472
0.018122351062874038
0.9980357113428229
0.02237258691396967
5.52025831334045E-18
0.010539324400332468
0.01576726955079131
0.09261320928493172
0.24861247249666776
0.094227534796301
0.11950226147470967
0.2945853636381946
0.15793533714456862
0.2970876659349242
0.4877337243513141
0.08604411171774103
0.1753598978859008
0.007857903656971529
0.17583175854620386
0.2802367841364929
0.047119861552820684
0.01192578072315937
0.09081453793518574
0.3635873608349334
0.09953173761894181
1.008689865278533E-17
0.014235748771317608
0.25059297215664533
0.004313914580330852
0.2768271677127513
9.836084262820045E-18
0.09631739437595101
0.07234737752340227
0.6429058144192777
0.07341366237857538
0.1829228526489961
1.0996037350431176E-17
0.08703851835889984
0.026632543596178202
0.2919322528254048
0.7224172845999872
4.812133181213185E-17
0.3303298013607413
4.738002230621548E-17
0.0936356673785789
0.17151419488146089
0.15333302636618668
0.07411747449968008
0.4145872975457559
0.025717201508773165
0.1961512553562649
1.0319413456000076E-17
0.062140380526718504
0.029660818563811843
0.05055908551328211
0.2272332070694371
0.07983921137573251
0.3197528501377798
0.03551172854529022
0.26612614762089365
2.3571361437150087E-17
0.20346604094377987
0.21311867048253136
1.2877587675784477E-17
0.06821150900452494
0.18146120315168163
0.06623113579968394
0.27522159484013764
0.08453438914600539
0.17538517641851686
0.10119928734953326
6.306121215738173E-18
0.1106372590664802
0.09878432363154163
0.004604060963377645
0.0772306267901861
8.588653952787802E-18
0.22992411561012788
0.2288923770853899
0.05400272573624092
0.09349165580395298
0.1656516798938491
0.44962191965698034
0.07654219572015458
0.12849851960028397
9.667687830442298E-18
0.122002011842388
0.03382898292554611
0.2669413543351329
0.0027043421508706595
0.05610971204598965
0.10394827398261448
0.38749532820243937
2.9801242034364125E-4
0.10817119839775481
0.2517433272323028
0.25622573762373313
0.06983488511579256
0.1947078905463059
0.20061155677287948
0.08562721982505139
0.29340400035818043
0.2590170889187183
0.4284637458720326
2.8146996305082574E-17
0.16276133819411653
0.05600636235987593
0.08547392229082328
0.0989131236570383
0.16648140943021156
0.15334430823896908
0.045818132034447824
0.25028254769418434
0.205308282321635
0.07612885891518333
0.15559520256798764
1.2515714032333505E-17
0.023206629229478245
0.004374861076617266
0.5084835526019611
0.008096150890493073
0.4752824705103269
0.5426295335724293
0.02159674907828788
0.3086516541570272
0.15750009653911695
0.05051406780706945
0.305237074099931
0.11157532882453078
0.7486353462886219
3.303818628372843E-17
0.029134803922742522
0.11231590655184075
0.16550247001280663
0.06510816362174995
0.6196712547550394
0.11482835382069154
0.0687944178509363
0.011477359620078884
0.17817035285597121
0.1618960168700482
1.5958414212720077E-17
0.017096449067585798
0.32225855366740036
3.3292763433865887E-17
0.42793423172967143
0.18722456430249035
0.23340542310100776
0.1464043775979796
0.14462000435293557
0.1097516043152745
0.17426565724337126
0.1720276365895724
0.2569642740966659
0.014010797146452392
0.3707739898643706
9.524499928982392E-4
0.5584368215942829
0.02061297412835566
0.2166743307853166
0.01908192359110844
0.0574196777062607
0.1378091423048586
0.3137581103518639
1.3396631902249093E-17
0.17582872869776092
0.07856148065415558
0.34753749735374256
0.33567140615308305
0.056965725368518565
0.02980615419063575
0.36199183295521514
0.11161663267132295
0.26756794625051133
0.10922238618350144
7.484576845392265E-18
0.12806076334847252
2.62177875053092E-17
0.03451269894607646
0.42253359098594534
0.8154613211673217
0.1359145069885777
0.01353408544500532
0.0759828980484346
0.014489220180807658
0.025421550264431405
0.26630779790879416
0.5151081704891519
0.07048177857083729
0.0851111900407202
0.027529860050635898
0.6347396013225667
0.12218153986069183
0.04654816983050305
0.04096134343923442
0.15086367601241896
0.11052311580367453
0.003962785533789134
0.15520647114877018
9.323517094267553E-4
0.11101208879711376
0.05862453046319284
0.16226839663166256
0.011281211048766825
0.07662757836971543
6.2972407794486764E-18
0.1420358651447178
0.2734089213407576
1.0610143905644785E-17
0.12837496707516893
0.31526539358013494
0.057300683112654904
0.3901652148719939
0.8158542523650709
0.15382457305740532
0.0350547153612251
0.08104944565023575
0.06621491617465773
0.10210650738992007
0.0692906209678388
0.22624684195948613
0.3698382947303628
0.33147870123201434
0.18064130244010723
0.11963220931826998
9.178271451848478E-18
0.002844108889369574
6.757624809214511E-4
0.06729599820742042
0.02358655692241342
0.47526031667690977
0.07506032842752201
0.0063688483573511295
0.08900458177739917
0.03705972747883999
0.10376339697114188
0.04792899652130149
0.16205858487326
0.062425795335219934
0.49154522574057924
0.056326480732071034
0.19317211335796258
0.17507583567529247
0.10178557525850987
0.0503718501412275
0.21221303880070674
0.17515437431780967
0.12665993709827417
0.19361670871769002
9.885024238214326E-18
0.04038810751273129
0.0349599508730661
0.08159391606832012
0.1321597977895036
0.24066683576811468
0.027180877867495058
0.3542417933383757
1.6810183414287808E-17
0.17283916947738334
1.0190505489496198E-17
0.2436008912630003
0.3358582655200059
0.5698588667152256
2.5839875936319006E-17
0.005324446961121174
0.4344318515284503
0.22167118123573726
1.461689515731301E-17
0.12732252308332084
0.059017315712769886
0.1359241208783469
0.25871920111667146
0.14335568243784463
1.2183338890732198E-17
0.03272851428731053
0.23124747406326887
1.0901204669910366E-17
0.08387123873066002
0.026407440558713104
0.19953242659739026
0.2428564233314533
1.1019113014941935E-17
0.01754075154351329
0.08764105315968286
0.05239502999605354
0.2649578773167177
0.23932879442223304
0.2808913100900427
0.2335466365520236
1.1154872414173193E-17
0.5652240367509936
0.3191472147235276
0.4194579399216388
0.2984180964315981
0.06509338809371777
0.18267728535030667
0.44270048381116384
0.08515886817751653
6.278003804171192E-18
0.33056642622274135
0.023954945668729074
0.01900593331137638
0.10888417169654362
0.00761229923659763
0.15298924500617742
0.020868563309186208
0.1722138588859516
7.774544164366944E-18
0.6461701565077825
0.09438128002408167
0.26401898864747986
0.23608059284174973
0.26732605281245386
0.06693014633998598
0.006854297461464641
0.015327578669516444
0.08996706630993255
0.06704428776100439
0.1673681730664705
0.22450529836757468
0.3617211249035544
0.07301176641132358
0.04329164755786008
0.339627548961864
1.2726452225142373E-17
0.4574787577058225
0.047453862763354414
0.037948208990362824
0.046714423090252616
0.003728773163231875
0.2088526259573477
0.15530842257820082
0.11017724744425997
0.021478124009987963
0.08597963495773465
0.16363661531129703
1.2682733403999142E-17
0.08970248363506625
0.008591541557929837
0.4658017439992502
0.19577052585644586
0.04465997647325473
0.03776087740513328
0.15664251047503572
0.5485939493793239
1.6586419401078863E-17
0.062087674018154404
0.8088104637113674
0.2539448865607462
0.008674547442916836
0.08706908642688874
0.05186987113835685
0.18827039197043613
0.1465984695342317
0.13280366053687256
0.0018550933460572063
0.08761465571200229
0.11948572635096497
0.10576161296983355
0.08931156892184317
0.09533607920279728
0.31516727686663515
1.1493639845421563E-17
0.07190362207425148
0.15543414507210418
6.702913878165836E-18
0.14875819067452836
0.08578188188443014
0.2355154042615736
2.221416080636909E-17
0.21657540419284174
0.1816650554370757
0.02832907395919957
0.7592167336775081
0.12735551448386054
0.296056925377437
0.36720494524439695
1.6810183414287808E-17
0.07133850891290239
0.10831763183580118
0.05653075343502485
0.12758604176394372
0.02052232179038375
0.004599250977635562
0.2012025251133742
0.38900273112256806
0.3098358522469148
0.05129269490448393
0.07490709908403274
0.17666488380743628
9.984973793253212E-18
0.5711731523199408
0.14092157262986413
1.1883708632402711E-17
0.010676476479372251
0.2226002123036066
0.1273704092082394
0.21156546343315052
2.039535677948821E-17
0.008685254469722186
0.32586455487148336
0.014541357497311058
0.22198015309209765
0.10597900922508656
0.12719221260558175
0.059983373419516976
0.10279918175413542
0.16969841019349513
0.08755526678605381
0.12823874874101984
0.3276150398085644
0.024061216361435617
0.11588432723623956
0.43073006596849917
0.019379701934765202
0.1770318493026249
0.05845772726942012
0.021469494601814115
0.14326201927812407
0.03507747488044016
0.42362564863397467
0.07115176942939605
0.020210712150572806
0.17679914500655955
0.1518037343219768
1.4303477853316143E-17
0.18450371592766757
0.2081210714939931
0.010028854927671095
0.03424984784846789
9.865182833064219E-18
0.007077937508326821
0.11308491538312646
0.026731102801407815
0.18687628135940793
1.4428786320542208E-17
0.044798695336941606
0.2234511719099602
0.21516349894876288
0.10066563062823505
0.24812314693435586
0.21920564340485765
0.11056355735108242
0.01442540575095215
0.06750203775069029
8.542039626914153E-18
0.21547185935463073
0.06563324900176416
0.5746053667010311
0.07369641650076272
0.2256202783807009
0.42315707396753466
0.09869463500958991
0.12719862249411737
0.34350809512176467
1.3634484531634649E-17
0.12489402386218197
0.1599131392126426
0.18024362956940143
0.04544607339932788
0.14156238072120322
0.3109740668491184
0.24445771763131444
0.2389317091483544
0.09984665228340199
0.12528386118434431
0.43488829493129283
0.1182011818580379
0.03928093413946448
0.1887840799249065
0.04997180415926344
0.1597836714123673
0.015618760927336108
0.059301734581852346
0.249122417150261
0.16840215886584642
0.21214546736317802
0.025378888461502148
0.05384154514222689
0.04043801385255554
0.17236009164429777
0.4014109692770476
0.20596043106672499
0.21843176563409475
0.13562928242166994
0.5708326963715491
0.0925555966154325
0.030314878214082564
0.4989980754687044
1.5809216926523597E-17
0.10429191497680429
0.3179331819046551
9.468629830494704E-18
0.27651074114795365
1.1881091604366815E-17
0.06769028705842467
0.273029498667825
0.04017828421715044
0.05011344971253041
0.02768415412625989
0.038426973071489026
0.018043650695971185
0.1374358332057726
0.15050016252698514
0.35525079503210366
0.032255386479081105
0.05022334667698834
0.42202721988462183
0.01372544737723022
0.1164673470155732
0.22672994302345018
0.24570472094125478
1.2976803572136069E-17
0.07918037584982505
0.22228538591892993
0.011774909005508576
0.13207433117396028
0.014198131141602413
0.4071821580880365
0.042905474293394565
0.1795161850516645
7.127069488990887E-18
0.04428134355103821
0.004434508991241302
0.004849211560968935
0.01882500268780576
0.1125841200779025
8.645514386702289E-18
0.12323576976105889
0.11929241136145596
8.368870991348879E-18
0.08544515699845777
0.03740188149607901
0.13980226373925042
9.523934185717872E-18
0.22586157339075758
0.36818280113048557
0.27399289070067623
0.04201933582718882
0.15059366975036348
0.3089269329929987
0.10558445584061182
0.2938759829888799
0.025959591424123823
0.14366722921874506
0.22223303245773163
7.73168848806723E-4
0.27897769791073634
0.18635698183589
0.31732524858321903
0.6022838948677972
0.0397802036199501
0.137382067340219
0.026438237821600825
0.0569049579276143
0.30038878378447215
0.0036429997074016087
0.312885796454948
1.652018041109791E-17
0.6238741746251968
0.2839628073014462
1.969541289277308E-17
0.1440551349236333
0.11229159349512685
0.058294876296486206
0.13804563532012393
1.5085066494589396E-17
2.4476882099643292E-5
0.185638303963375
1.4784305823828667E-17
0.03060033236381171
0.05891681275015235
0.09581166872404615
0.179576767652425
0.0935665725859259
0.2628152695621295
0.7652221373699406
0.10395446464720703
0.23983431948401326
1.227137300708411E-17
0.00478972848058989
0.47690702333837737
0.043997835279119726
0.009287369715280946
0.10478053037404406
0.15353042254078378
0.09053078200171746
0.010879511831000731
0.0893313040591961
0.11077689767496553
0.12431766645347259
0.3652996940556252
0.03582838769456314
0.08271498413400287
0.0813495873712824
0.009610108446938392
0.11977222484218986
0.05180607708193012
0.7436597183259489
0.1249057619536005
0.05254317749341651
0.17853598814806057
0.05338590348363158
0.16817736350955328
0.0663001560648192
0.05508507571008176
0.065149789814749
0.038176974763273266
0.06674848442202133
0.12600903988280618
0.030528439642830855
0.19964900537888483
0.1369194576783265
0.023185444364822394
0.004048899087763866
0.003398541182506023
0.0606641166015719
0.09258511902200608
0.23490290413263132
1.1983124250325311E-17
0.13408589347556035
0.3218293889549877
0.12225864151963617
0.25259091399787187
0.19173550385923704
0.07586781389516609
0.09687232544508016
0.2709755902773232
0.1351707317820675
0.05893281521081831
0.45400506118147366
0.10694750450643083
0.6094667534673334
0.2544045785307382
0.3062725432135213
0.11098310116204743
0.2896068990801438
0.032124324414201995
0.07999103300126521
0.013778257079442528
0.08426245877050195
0.5891738158037164
0.6197414657781968
0.16632210284529408
0.07156984873876633
0.23445700900765523
0.17125851933739702
0.06497617807221163
0.01582050849491566
0.0326344576376094
0.023746292705584357
0.24073591080250759
0.021592245026330392
0.802586415315374
0.05054305782940009
0.42290572606727095
1.9535571917766342E-17
0.09421740029641505
0.21750433720230242
0.18952578936771822
0.1967410117335451
0.11863914267161586
0.08088133885771033
0.2210147150881715
0.031295586982110005
0.21502378690809576
0.8858152373192718
0.1057570455605008
0.12432255958237062
7.52333054661038E-18
0.15439782595800003
0.048461453128796655
0.08405836741638403
0.10433557489480509
0.33873712985882315
0.09774539300830591
0.011109909049801848
0.19008969152576016
0.25213204276157297
0.07961961475648072
0.10310947700189318
8.002850024816623E-18
0.1896705748928258
0.05031747697950765
0.056867291573691504
0.28709170630245057
0.02344554770368815
0.8738209865965729
0.03875147701882838
0.09950044690255247
0.06259062937642894
0.16236879492832673
0.32742104269161404
0.2617189203904891
0.3528053162742189
0.4429283086431897
0.2997286496270048
2.2481690045715603E-17
0.2968258331314325
9.87649641261866E-18
0.05637127084682125
0.0039008271998149952
0.1948665682387302
8.412773628822106E-18
0.006495119283624436
0.5206026011484786
0.09326931753510365
0.1447431496905299
0.2762858544244712
0.002247617404064391
0.23633027503711315
0.09642055416009501
0.1703710377415777
0.18953662386338999
0.1665309715910103
0.0791598588519176
0.09697268487366018
0.05129530079732148
0.34114321757422394
0.18929874474432784
0.011456469034033155
0.28338583554988234
0.09511786943810789
0.04664063771831397
0.4994322826363018
0.004749033196599146
0.02749245884667446
0.18724551044182802
1.2139842983699698E-17
0.18249153391902617
0.024074766864632578
0.3353364042351557
0.3710771615926496
0.023438246534495315
0.632465364914999
0.11230460933974408
0.32176739819756184
0.037386163222404505
0.05844684099749372
0.27928690463213185
0.05887797915666378
0.06261947251363056
0.5017484943176146
0.7376411307010364
0.01806835914325372
0.05343851251715396
0.06743860451274368
0.021078369081959494
0.12589872550944878
0.42087885132935354
1.0505460287401998
0.021585342801576337
0.00825818838318017
0.16290579871646027
8.412773628822106E-18
0.16318184315816403
0.11356787534316654
0.052063969349244066
1.2007530851432467E-17
0.11352557283067119
0.14925796871445243
0.10280796512299073
0.5132500898353762
0.03790894603539774
0.047479403616401857
0.036908750506687356
0.15420634479971285
0.213914338893193
0.1642474635880735
0.035284291606631
2.1528166526579224E-4
0.900343242927935
0.3704576385869728
0.23496683382603095
0.06185428960065138
0.31468065794734
0.013162788541552685
0.043873834861407016
0.06678679004305466
0.33259547956726243
0.06018846392065946
0.05889134565328486
0.04018193976745962
0.19990923662018079
0.5686912174518229
4.78588404339662E-17
0.5472717701899373
0.1388275099575844
0.07641202952789969
0.008642325625739243
0.281953391668847
0.6326067693881807
0.25008475519697493
0.012540563937804304
0.2098459282870645
1.3303095583135544E-17
0.022317589821578103
0.2344558971606799
0.014217180632103338
0.13828223804014314
1.1332186304172698E-17
0.08724268076694901
0.01213419736170333
0.3421810041366158
0.081253953158838
0.3585263180901524
0.021028269553164215
0.2952858368963393
0.13278328205270967
0.03779091055546013
0.42145914868715284
0.3560868836621665
0.09677442081247342
0.24233216085620182
0.1412774659775679
1.440280486689053E-17
0.06226371753498114
0.1515154600059853
0.11560081985717792
0.2559339771516813
0.03925652840283558
0.025524072819242016
0.03608866495176817
0.2792197162547988
0.32366353957799604
1.6833134628446443E-17
0.5650758405801967
0.10239745774286914
0.24463724811883356
0.11119978958059887
1.1732792565115526E-17
0.010762029009298783
0.21050940929594575
0.47935813581091985
0.03824585420461785
0.39831055547093946
0.05564347089897714
0.8687240015572799
0.003310301455936624
0.4343653369094853
0.051850111343500635
0.22562644972295734
1.4673971838749175E-17
0.015244240734341202
0.16703957251063445
1.6438547466527022E-17
0.2406263527090029
0.10918018287116066
9.57176808679324E-18
0.06639745728090048
0.5237900945449124
0.032885282224452146
0.5723648836188708
0.3841831510729532
0.1876526147837081
0.11487366820741478
0.09728088574507596
0.05462468439493699
0.08291435640545226
0.33767469677319917
0.07159103821254394
0.11599913882507357
9.374223753122149E-18
0.31701408395168956
0.06197537847521398
0.10661072246107206
0.3269605050981064
9.121471029938845E-18
0.14645868207802462
0.06941069470386907
