0.0
0.2532042114927232
0.2868244058970812
0.32367493951258436
0.4530230068747738
0.5956232817374771
0.6140363344259454
0.6149849139343491
0.6423507901535055
0.6642255597930687
0.711117719981558
0.7598161493265525
0.7755034428236383
0.7874381327633823
0.8287129263786907
0.8924207867419007
0.9305911272897136
0.937653490977455
0.9651408173980666
0.9990248310461044
1.001839919488088
1.13562786308981
1.1720879420619454
1.2008264365191912
1.2160158425288017
1.2675557741013408
1.2793077837839106
1.2834531560678022
1.3360073841730586
1.3679798515867474
1.3747997302756896
1.3753729039062896
1.4341352392232942
1.4405550877353293
1.4550150710192524
1.470972032715699
1.5021357499625496
1.5236793905080137
1.5755457256165042
1.5851868571897918
1.660637682574822
1.6805320086900941
1.7151808839892417
1.7668544211016586
1.7707550456333843
1.8053178815803612
1.8436705928562953
1.8629059592413044
1.9351977443271053
1.9482914291590232
1.9658477133169814
1.9854225864962676
2.0387561254962714
2.062842379499365
2.090471955073951
2.0981604785375776
2.1370188746245864
2.1517443771304032
2.1795058686620483
2.219824394667563
2.2255973821369954
2.241420843158316
2.243786885447552
2.2449961874970734
2.256432137606905
2.306230018593553
2.310254386837055
2.317965610777076
2.320883993661955
2.3404285883076796
2.3993303866091873
2.403531610057257
2.4079938671049077
2.420365599762341
2.425711449063295
2.435032072051232
2.450407748019681
2.515305868603054
2.562365481899762
2.5790821517823126
2.5892051439024657
2.591128908662052
2.5931190151947012
2.646200463873088
2.663984282669587
2.6960415863048226
2.700779621903768
2.71828479911159
2.7386953965310634
2.7534374247110422
2.7651701402008206
2.772104085669854
2.8835597785179714
2.889200966610685
2.9333710180222066
3.0227627810964663
3.0332368925385076
3.051388592031779
3.1211602736829778
3.1233837600163277
3.161708306729076
3.16704742261023
3.168442832223637
3.191052725217393
3.235414677276081
3.2664216483286066
3.2788207089057644
3.2849745647771944
3.3695567343954846
3.406461026135003
3.422856359848963
3.439017952346623
3.4519071133599333
3.471594593508653
3.4726395857443366
3.487866119154269
3.5075377196347106
3.530536299968761
3.600757439885045
3.635107933815093
3.638934277127718
3.654641816328279
3.6549770786765494
3.712586906990829
3.7241170907081624
3.732720648383236
3.7753383306545953
3.7861392996829255
3.7931692598765983
3.808412577839142
3.8160437075182108
3.8209738568141973
3.8571618584301914
3.8670236284981385
3.8771785861948396
3.897560243350149
3.898612824159408
3.997529477309812
4.010520651925127
4.0163999847978555
4.191877786746037
4.230943431836772
4.292284277761588
4.341014367817289
4.3457258790209945
4.360692009727489
4.436092345513922
4.573606005744586
4.623648402843237
4.640191793990134
4.651882347549533
4.676799541474438
4.680617136712231
4.7326152390319285
4.750782036018087
4.8046269739661
4.806613282603078
4.845346798812155
4.8670423973573
4.871080029946575
4.876314714468734
4.8956318446054805
4.934435322663338
5.000908377624059
5.00628866937275
5.022170914416203
5.089413240982405
5.115263896207452
5.115448642087016
5.122358441293604
5.329642332031079
5.334350809029095
5.374385412466493
5.423679991924815
5.4371138542296045
5.463668963161327
5.480976316731208
5.537051466118443
5.582901599304947
5.6053937529390465
5.621813017690158
5.63643885793899
5.644007016108472
5.711208351161395
5.734262020546618
5.798424078737232
5.803305052943587
5.810480300382976
5.816229798257595
5.830851912872142
5.844492750030784
5.858519866752763
5.93658433599995
5.940057608502459
5.945820842576471
5.946897651576462
6.023983521997615
6.065520231144344
6.088799890532175
6.094325127094461
6.121922881772665
6.177798452610709
6.187723819653116
6.207149964044657
6.207999756735675
6.23168761106442
6.253245539689448
6.258239288246101
6.297515285602579
6.315081468815808
6.330512308916432
6.414588878017709
6.414723159748694
6.457260736740162
6.458421154830687
6.48256628209629
6.484277681146691
6.543335337195404
6.559346164065976
6.617671993215583
6.622475532560713
6.822468901975487
6.890951808036688
6.900383263572106
6.903191308547697
6.969283126676299
7.094161677552701
7.139084592754826
7.154674066435685
7.2067437935140095
7.2120576357767545
7.260834662390719
7.299152496906811
7.305533916991112
7.357128493947374
7.392425483644671
7.401344255412366
7.406596758627929
7.4840599444990055
7.49432634682441
7.569059304144453
7.631710443521494
7.659098268201114
7.753164771563506
7.7728447232475375
7.776353008044315
7.791219610922213
7.801709720567546
7.812242420846048
7.815166836034588
7.8812885253656235
7.881811691680609
7.982496241857866
7.994074775826695
8.02015504868348
8.073365787298751
8.143984997848174
8.165178040724001
8.165178040724001
8.189987040326468
8.218087475785435
8.238361649675886
8.293849018157308
8.312305908995382
8.35411759194165
8.360685076772059
8.430337641221989
8.440685957922748
8.448636330990025
8.450214586876164
8.478670473454244
8.631762759900523
8.695689358781122
8.720513169849475
8.73895810369444
8.73895810369444
8.802154505606497
8.92158431720929
9.024537682986828
9.024537682986828
9.06001333091064
9.07009190967744
9.13949727831082
9.164702768167103
9.24318981219565
9.245999544792289
9.270895112430292
9.27557728690319
9.308439706033596
9.448475645096247
9.482349115409685
9.498160962330989
9.500279505176366
9.526665935251492
9.549597408994734
9.5787685462722
9.58893613388144
9.643424840193639
9.650301096932074
9.71482621627066
9.73791013096605
9.758000411209752
9.779252918409236
9.84971934526578
9.898470125107872
9.932821777527476
9.94811222790947
9.988445892020774
10.054798997206882
10.060071862910707
10.118896383117336
10.265584402419439
10.277506380937552
10.289113838632002
10.294858349188857
10.305040460002825
10.327452397199286
10.337702514671852
10.347132213018767
10.36484098103403
10.379215537939457
10.381341672823659
10.402766692775709
10.436449758455764
10.50553133549976
10.520062323574571
10.585718456321338
10.589282995299492
10.598718280897716
10.614205450700881
10.65035003291266
10.6547583266778
10.67744813215505
10.679489897446064
10.718422471683795
10.776198179726647
10.815744005485348
10.844843839777928
10.881766545607368
10.923388409076434
10.967423058687956
11.00306195941444
11.058326432822962
11.066817233882762
11.077538983148473
11.085425731489515
11.164885510307645
11.187700705902806
11.239839689332532
11.260097561953067
11.292294602415819
11.35393432853327
11.378939897546037
11.409205535092452
11.47500715844883
11.552204287334014
11.578259294546724
11.630357842895492
11.655375805514835
11.668073461910152
11.685244741711625
11.83271693665359
11.891291989390684
11.893263305241343
11.953919132256749
11.961665446259227
12.010525830675967
12.011158833061536
12.025240235085521
12.025777569550932
12.058015460133463
12.06325818909875
12.145277669460757
12.202990737697206
12.23545740921775
12.236642679592682
12.366062601090286
12.430880440368798
12.447296529546916
12.460361552585306
12.488509972450554
12.51698669080184
12.51800540133869
12.518024579117556
12.543190550366043
12.551891266495605
12.566961177239817
12.614097071290542
12.622613533527305
12.658632618587454
12.664772784447878
12.7576198365814
12.930062492396434
12.938205647382931
13.072637309104556
13.088514688307312
13.123806522784056
13.164781248586225
13.176772993711394
13.23104866191118
13.234000455863788
13.253059522592112
13.266101641649863
13.305492630742185
13.326869278671577
13.326869278671577
13.332507852314063
13.34323657293567
13.389657444674672
13.408189297088708
13.425169606753968
13.439400561722513
13.514069692393225
13.5403913276694
13.5403913276694
13.566833370266203
13.570087022281799
13.598131322954771
13.637238410175451
13.759027575852889
13.76611820706861
13.87855111073204
13.879393418426627
13.913050974442358
13.927303821912618
14.00584196122189
14.009931900783862
14.033058341392486
14.14185940694515
14.16933747024076
14.280208895692832
14.282689904607018
14.299840816087753
14.367613680258625
14.453763437475086
14.456154624089358
14.470366838879386
14.490503333223044
14.506962042849528
14.567464657569461
14.597248364815027
14.647746816266089
14.651981645907131
14.688372713315522
14.690251236995342
14.72187248260833
14.750550683628328
14.806420644858813
14.845148240350987
14.856019933894125
14.916154168271097
14.93964464253582
14.998436012163408
15.064162240141885
15.139742419241163
15.255886285763612
15.257593315434267
15.353483921346903
15.360989719579617
15.498816479186381
15.512096485301633
15.607264363139073
15.663344776849293
15.66586008641957
15.694786932600975
15.720178848454408
15.793978292769332
15.801738432850804
15.808204664240947
15.883736888251693
15.950502449626027
16.01749675391369
16.140811359994913
16.15710347807349
16.174621431550833
16.22196697953291
16.227303243807686
16.27439388015096
16.293925903428104
16.330918453307397
16.33449036777276
16.402698312836268
16.417311795118952
16.457527617990888
16.478123368080592
16.49023170745821
16.51281439286617
16.52944938948234
16.551435454952355
16.563346184161286
16.6370236107113
16.667478561775454
16.698005729998297
16.729323349955976
16.748164548620423
16.77693928405066
16.82115699991907
16.840257553946802
16.889904693770184
16.904309708343057
16.937808622412334
16.94332213360193
16.95878158462984
16.969629035365916
16.979185682151822
17.03632762479048
17.061624727555525
17.064205107927073
17.064462999355396
17.201488934038622
17.224579440230396
17.22887433980863
17.31344703052838
17.3347418042137
17.339958821242984
17.346021578832342
17.36514725524824
17.44174359482246
17.445958196384314
17.470545514261183
17.559504052781083
17.65421625114005
17.719377802074646
17.72504270800944
17.781150377100758
17.782389212883523
17.80858116217623
17.85217085865355
17.904081375970996
17.95367560209889
18.004890605188777
18.017041466063233
18.050637682376923
18.062848376000616
18.10876400402363
18.11574418579452
18.1163872897294
18.126739351893903
18.126783459461112
18.137671083219796
18.193698189804625
18.19707622086491
18.22556846036572
18.307791140204447
18.326939487532368
18.331573594131243
18.33608000336119
18.339796032323317
18.39612981849971
18.40247922180963
18.429425436740264
18.471375614425924
18.59479079385261
18.646382996769404
18.665623922604627
18.682575982070855
18.83493979926317
18.86921242661578
18.877375820345875
18.881126429892397
19.029276670570262
19.06913439925634
19.18901500032255
19.225723134517885
19.371283688780828
19.37595088794633
19.463317083724355
19.529917736488514
19.55185172972194
19.55663098925281
19.56537853056354
19.623711152789955
19.692897496598004
19.728003662139574
19.760771711334456
19.822539291735627
19.842873398852962
19.863262712169035
19.88787760981275
19.928538933576995
19.928538933576995
19.986892246201947
19.996432077258138
20.00739357140093
20.01766989030617
20.042651058310707
20.04305077302432
20.089378249865756
20.102118179029627
20.154216451133735
20.167737882811576
20.188065061647045
20.236830005324688
20.271798507201876
20.344174803130052
20.37879957923071
20.43395014150475
20.446189744278733
20.48858110151286
20.49177410982176
20.508923564163844
20.51371940954174
20.55650112132111
20.606613425237338
20.61612762496572
20.639533467333084
20.649486240369793
20.653243912152412
20.73473412699397
20.743034540805763
20.761649333574788
20.783705640398892
20.807584884024262
20.878903145950897
20.886309058705297
20.9139901384166
20.96149985645044
20.97449780367195
21.152426089148495
21.162172948215314
21.20141420156927
21.21782518258421
21.2260391876312
21.24553529745495
21.340994900874065
21.36313861738772
21.393577190152865
21.431845744895448
21.461010858553266
21.518956246891708
21.547376621093715
21.55660157611688
21.557835941207983
21.559924647121075
21.615469231014966
21.630695018691547
21.65254479478008
21.669188360102133
21.67782688248922
21.72890921390443
21.735487175370285
21.739538138030465
21.772348355948406
21.79740623622055
21.80968668988327
21.81338736944492
21.856616682270698
21.87351264666564
21.91364666604113
21.9140649331265
21.94584561976253
22.075634939859718
22.106145809435997
22.14315104154537
22.15927984486981
22.18991356641372
22.27860761403676
22.31186937231178
22.331836864294214
22.395285357005605
22.495681832883655
22.536039278005717
22.618567894481927
22.657731444168995
22.73003548757605
22.769876193384036
22.778707703475057
22.875832986796873
22.881662854034396
22.929026299186457
22.935293964979497
22.946746385656713
22.990348637201695
22.993533435029025
23.004160155162104
23.108222548443127
23.119818209165686
23.12924742245151
23.14003659740558
23.142645138999736
23.195423798500318
23.207886050937862
23.217152872564906
23.236649868548813
23.273311238388654
23.29631163066034
23.307465458539973
23.310152151488836
23.372931464110824
23.374370326038584
23.378473787145165
23.396643665040052
23.40020782489117
23.40269149466047
23.44415228708822
23.460423641847658
23.46112600672901
23.46254305731662
23.483530770600215
23.486092117502682
23.55527245439197
23.598494106405084
23.599179209470897
23.622971964563057
23.630390459177434
23.644062606012163
23.694961536700887
23.759297272494308
23.785498937560785
23.810282025993324
23.813438614006884
23.87269944586595
23.90297725846545
24.001471828322583
24.02707391556297
24.03526712420688
24.07143412408393
24.087571228273372
24.087710098659844
24.127960883334023
24.15570104335155
24.186078232005872
24.23153100849894
24.244028570826973
24.250089652370637
24.266871834917747
24.289496739788053
24.313572044879315
24.38345898168543
24.41618841108827
24.42119640996444
24.44483989438218
24.487900145899573
24.494547029425878
24.536302515455866
24.58818158275216
24.643220237849537
24.712732142194245
24.762072600215543
24.888113904585854
24.976001208762693
24.994674193724006
24.998149631324605
25.047342712370476
25.05450862897983
25.116266960214407
25.16606174340289
25.206012933010825
25.209774634157135
25.216710668829897
25.29161935292511
25.294532796060903
25.34197149772575
25.40380922769738
25.432451064468847
25.497533939867076
25.555919102228337
25.571051544069984
25.608385881243166
25.681727006636805
25.748744386686628
25.772881926960384
25.821840258156094
25.82942305837778
25.86784416124486
25.876477155061934
25.87981059795178
25.92959526345235
25.962227356977188
26.00552369637771
26.090178297929917
26.090178297929917
26.107705647125467
26.109809729674424
26.110755941276835
26.13184020507328
26.19128531779628
26.266788081945265
26.271452934710766
26.346982300161805
26.43887699297372
26.48988412285041
26.512807215042823
26.62001350380123
26.642226453460037
26.67939878989048
26.784578192115713
26.80013231876934
26.811690935557838
26.8332224447461
26.876643256066114
26.885845015640783
26.887146827242784
26.917144832452813
26.941250502891165
26.95666830531008
27.004704409128607
27.01378019448549
27.02595941864733
27.101086150239333
27.11107726368876
27.111603919413923
27.147842733363763
27.14955521605003
27.27773632916599
27.295645800909906
27.35166375259667
27.35878413369054
27.362667764879873
27.376392859802746
27.38235254632581
27.43342576834635
27.43896362795494
27.45639637129764
27.59406567248525
27.625761953319792
27.6334245851702
27.650936603693776
27.66217764004564
27.699246293682805
27.711546371478587
27.80754790729219
27.8742014594148
27.879688582292566
27.889174851407965
27.9499698659411
27.964207423667833
27.98779325221265
28.027517564117638
28.05132090395742
28.098877379479983
28.17279312492468
28.176587649217534
28.229082498148557
28.233689988922105
28.326921493802416
28.326921493802416
28.407285748180307
28.407285748180307
28.40824000913922
28.411649894418257
28.449169967362067
28.461497505911034
28.474657680534865
28.478501176371573
28.496610138324264
28.49668033595763
28.502797091210937
28.513165589608455
28.593662252547972
28.63086467088415
28.63508412482743
28.642401921995834
28.650353145447575
28.650356694902676
28.65558625422353
28.770080792857
28.78372184711508
28.79192464825723
28.81630338345645
28.844463036389417
28.849154228207404
28.85609086881851
28.930929505081263
28.933869481802187
28.940904292330323
28.958430611620074
29.124181620912246
29.143828005416378
29.144444393641635
29.305381878277508
29.330476815741093
29.391344132700016
29.46115429913186
29.574249933095203
29.59923801772495
29.619140017131055
29.658067811018082
29.679018813962497
29.698667521881784
29.738015072125286
29.74146305410128
29.743951138148933
29.78981231687845
29.825424737316208
29.8619613207032
29.8785304515342
29.891508116420965
29.916245132992714
29.921104774553726
29.952426065200893
29.961063849767033
29.97886973039259
30.017917644862724
30.028126082931863
30.03129395782652
30.037526091777792
30.045643044083665
30.064898529012694
30.111903049966646
30.16574575013505
30.181444081447022
30.18164462850045
30.19098232583694
30.192733756702662
30.223891653407435
30.299581850250984
30.382771089816153
30.40785346347251
30.448600967087984
30.453731409528643
30.46163634586056
30.47669625827976
30.505229242519764
30.52173702821381
30.586605419392654
30.59156985279329
30.61171173201689
30.623123415594577
30.634408192128873
30.691352344418036
30.70863824278118
30.712957484660453
30.717975269875183
30.727787072220135
30.72976126253015
30.734729330507125
30.802697844591666
30.81220773642635
30.814906201522092
30.821282245149778
30.874077876944906
30.91115547791506
30.913975820920964
30.92595876827554
30.93493336764105
31.02869584300582
31.121513672757036
31.13720553903161
31.160242978744837
31.184631975974362
31.21074822547696
31.218503371025513
31.28629648589567
31.304537424949743
31.32200092318945
31.386434462796277
31.392834908721575
31.443072734643355
31.5720647095158
31.588368109924318
31.613080325265315
31.61934681397096
31.64752145126898
31.648426178085202
31.701220902118546
31.721754610231784
31.726430240762458
31.799240141262658
31.81431733246213
31.824262029487755
31.848490039396776
31.851844464321637
31.87899906180477
31.883826480800042
31.918808951252007
31.919553694144053
31.92365614835167
31.965821019608647
31.97978831844078
32.01975609932953
32.01975609932953
32.02515752483
32.0754372686339
32.159174330896406
32.1784141761697
32.195450479917916
32.211446315520284
32.24706543614485
32.262228772630195
32.27753336946203
32.36351603215037
32.39428455144717
32.454419082029716
32.46186718466891
32.50446393434439
32.57157313642736
32.60146577538799
32.7724519850421
32.77882221785079
32.8431486554914
32.913928022990994
32.98799594937176
33.00427154100082
33.02670094916315
33.1368525107721
33.18626332484944
33.197468886845584
33.210338919208425
33.238935002525054
33.36298901167172
33.392047114362846
33.4121301865617
33.442321573663754
33.45403478470556
33.49617518445408
33.5098239407343
33.53473517095837
33.537664567381555
33.57712428220771
33.6383927508243
33.65934754569125
33.68532715287502
33.72466377616019
33.7506758957238
33.76289912222645
33.79237699171294
33.8491019181874
33.85408375565775
33.86537526716127
33.87892560558125
33.97304061621911
34.008327503107374
34.014047989195284
34.04795014961542
34.050687461223426
34.064835889900316
34.114228877149166
34.20312214579898
34.25164089217029
34.267558559303936
34.270977047739066
34.393236967585445
34.40758204491163
34.435890128860386
34.444259837084694
34.45523535716776
34.4624102212254
34.48054320685978
34.517820518133774
34.53055035018769
34.53472689109947
34.54493636394213
34.67752287556432
34.679294760813036
34.706899415081196
34.7925633400191
34.84790107312319
34.91929154986071
35.01374002286515
35.22165965546779
35.271124450137755
35.278327914244336
35.311575286504514
35.323383244368316
35.331980770038975
35.35737889259677
35.36867811971596
35.43819029971599
35.466208014363794
35.508383871949015
35.51329962198117
35.51516902927725
35.610284253601016
35.610284253601016
35.62310176510325
35.690381149408665
35.714676579793455
35.74358878908747
35.80509712534821
35.81527266489316
35.9255574295591
35.98240881364134
36.00485391226688
36.032860273613935
36.04576031766625
36.125300798637014
36.17057482080038
36.186121940514816
36.22232960879527
36.26799769580716
36.364663053200466
36.38278936432291
36.39815896517209
36.399937687897065
36.45250384474662
36.4847051261152
36.560006245708934
36.604184426757556
36.62214715105018
36.67709488520814
36.68143532658315
36.68393687285807
36.687560697583415
36.695835227334946
36.84239724599984
36.901797643176856
36.918331615809684
36.92103750521272
36.975304548523276
37.08237057824305
37.08335058570048
37.08563156700063
37.1299906405036
37.15754963257512
37.295321744672236
37.299607179155274
37.35144834568303
37.40428686204452
37.45931587331265
37.463085534492855
37.498713321420766
37.568848375273774
37.60920555581342
37.61636706365281
37.67204360125709
37.73698778236424
37.753263631971684
37.76601872893706
37.77413996348577
37.78329126921214
37.785871560617416
37.79415893211218
37.79588986434113
37.8354744641943
37.85024842693543
37.92205643361232
37.93118249075143
37.96169954432578
37.97740877495191
38.00833729512179
38.01798455372574
38.01953727390377
38.058224730161285
38.163791908455536
38.163791908455536
38.19510681078738
38.2002306294843
38.20924784949233
38.236386227286296
38.30162008626798
38.309970281105976
38.335767598963955
38.342742108410164
38.43774696170861
38.526512799204625
38.53822223538736
38.574986694207325
38.584632910480195
38.6308698045262
38.66906685761753
38.68931504066969
38.70175680003291
38.7186271381807
38.75098577066281
38.803894465956844
38.857595940041506
38.863800044237735
38.90183959763456
39.01366986837423
39.02410706373831
39.03589728631134
39.05485618485185
39.08296377139871
39.088046068827325
39.10003288031721
39.14490990167455
39.24930950901715
39.3426934643252
39.41174030954105
39.412543697137124
39.41473918769225
39.446599859648465
39.46742379327353
39.50321714273801
39.50752168703838
39.53008661536019
39.53700977183087
39.6165344367136
39.636604142825384
39.63925922062967
39.689773281557805
39.705520688445525
39.74403083227403
39.76881993769408
39.792469475478
39.80822859740039
39.832312377290286
39.83901690656457
39.85100044310946
39.86974284695345
39.91107139231465
39.955223758559825
39.990786327868946
40.009653802740345
40.010161164646846
40.01456121367894
40.04511954776661
40.0960831586269
40.14101484106796
40.15790343571233
40.207177789252874
40.318677713358376
40.320023923116686
40.35661667941178
40.42763604827186
40.43707944734776
40.44485088377841
40.449508455644825
40.49820353328644
40.518526796014555
40.55007885121686
40.59666411267747
40.64914467360492
40.674086997987544
40.69615684481323
40.71783789218609
40.72353978387617
40.85861396206615
40.86377480354685
40.94852817861921
40.952082975717595
41.001434842676545
41.06354067908425
41.10156015001958
41.10156015001958
41.15852194675527
41.22596521402018
41.23878385643191
41.32233717300351
41.35324304951072
41.36225377612627
41.43034756072462
41.436645393326685
41.543636625723096
41.543636625723096
41.56131394388006
41.58246493303697
41.591542321500526
41.607770722391656
41.614315552193446
41.65413822092881
41.66101154302479
41.69741304097311
41.73559174825598
41.73635119505146
41.78203037962343
41.82758218763619
41.84469567890608
41.95223117240393
42.125066816601915
42.136811765511574
42.152367772699144
42.17302559763052
42.242250147180044
42.26187792592844
42.389130768370094
42.48399002210782
42.522450758301034
42.5291834376749
42.568299777090566
42.60136144929825
42.65719033301334
42.668731732358424
42.721700756105406
42.79103216279061
42.84038419721037
42.90422458054879
42.91110329333038
42.91419138809081
42.92841080886185
42.95567276530927
42.979587295789116
43.05790224725503
43.06049766349233
43.10499604592512
43.11353792689814
43.115192405056824
43.13384689681852
43.160435510680465
43.169938746910724
43.17729900734048
43.1945538604467
43.294057881570865
43.33639599278591
43.42043551094076
43.452900328967296
43.45887338945379
43.52122247142413
43.52558402943309
43.60685297848876
43.63336329296657
43.643362467868144
43.67740392200272
43.732865440023474
43.73402499663474
43.74239927945652
43.75071939156659
43.769145152264386
43.79492198007236
43.82555595641292
43.83879545058421
43.906524734893516
43.91492793312208
43.93252185709964
44.06455015359616
44.087991155776265
44.095451655312544
44.110362036956836
44.173817884324755
44.199386385775924
44.20518317275673
44.24916060299663
44.268938323359826
44.28038239649325
44.2993832056794
44.32728522643834
44.35703682458609
44.38971221824424
44.408169946898724
44.43221392253072
44.480754257315844
44.489075540462004
44.56469697537526
44.623966668912296
44.65070417527951
44.65756579745636
44.663017137395876
44.68743777349916
44.751102316023065
44.75667950526831
44.75807970621275
44.81733712917868
44.85841076165133
44.872751050154555
44.9685301743944
44.98847597858096
45.029463154866974
45.09585825464
45.13945720451282
45.160528829523706
45.184189355555056
45.2072857419494
45.221674274621016
45.227386998580364
45.25039526461491
45.26491967273628
45.33230335492142
45.33777180860855
45.38559288536784
45.442561893386205
45.49821980098745
45.52048737406852
45.57337484223194
45.579108445827934
45.633908224346854
45.646619585802505
45.64781001209376
45.66476833401375
45.67245153921669
45.69324308379077
45.76617895651339
45.80148634429566
45.83287427498328
45.89579944050041
45.981057331551995
46.02241239636959
46.03226806416
46.03307046852548
46.07240704754948
46.12360479228005
46.17261425047476
46.35933991963797
46.396463368627835
46.43642273258474
46.5152425908614
46.59046857463732
46.59957665415757
46.65537159807801
46.65858204375638
46.68437028830016
46.763911815775515
46.77507384091924
46.80967070377692
46.82924475141773
46.97185859570649
46.97943200134417
47.0032921116839
47.0229034067331
47.03477723173229
47.07193786528029
47.10914507934653
47.132857556615036
47.13988494583784
47.19728852456935
47.23700919662144
47.25466632951883
47.303407594631466
47.305251640509844
47.31720256342877
47.33287890671867
47.343327060019824
47.36845230020627
47.36912125714946
47.44316962536054
47.449105641357214
47.510513928327036
47.61001324493242
47.61364481910186
47.62065062750994
47.668103315686785
47.72736706016453
47.775732672125905
47.82043128699418
47.848521896233194
47.870098605621166
47.87866014678969
47.90234063853328
47.96043053140182
47.9690697243411
47.973730309860436
48.04160199848692
48.07992665779208
48.1021870391062
48.14378553505659
48.22972282126529
48.28102027246551
48.2914312400712
48.352196933046315
48.35635090275508
48.36609618838026
48.40276043987958
48.4235217445013
48.468395882685726
48.517676841658144
48.517676841658144
48.6027733187757
48.6136480800508
48.668038078340736
48.77547801237132
48.77547801237132
48.81400867949031
48.855602941694244
48.86325119374412
48.86575853242864
48.86910260974555
48.93152084435397
48.940582823467054
48.95977607157014
48.9713686787943
48.99107858231012
49.00230425987736
49.062443683612194
49.074387898916754
49.12417371698617
49.14469987051796
49.17381514451615
49.22325765318063
49.28433624772992
49.29413010398022
49.31530544455339
49.33189379484836
49.38607030867421
49.43443581948101
49.4358309713862
49.478232649358006
49.51366580131846
49.58209834163976
49.5857807700032
49.59141193558545
49.59747987764816
49.616412025192346
49.66118077497041
49.71700919289928
49.72640938060035
49.76377421713377
49.78144603977141
49.86182145639474
49.893394034498165
49.98549039352454
49.99554793639849
50.02156477981526
50.068536806796686
50.07317394730966
50.08331315719765
50.130488793106046
50.16309548715573
50.16559105701743
50.21895938253649
50.35809688057464
50.35809688057464
50.64988998217866
50.676586051767266
50.70916596503381
50.71203514807472
50.77955033227584
50.780756952404786
50.803614565535064
50.88253241367474
50.899302664896574
50.90564070607351
50.9892547537992
51.01958489766479
51.037548689087124
51.062378434014825
51.068725904740376
51.17677937004722
51.17832686867572
51.292476097058724
51.29690629548925
51.300423050651425
51.32209543188884
51.339325211769584
51.50772038475501
51.68952102781719
51.68952102781719
51.691514420587914
51.70845723005553
51.737048664108066
51.770719349588404
51.91239875517695
51.920451219074124
52.149937670743604
52.19174663004626
52.19608336553748
52.24743861438676
52.293256072563395
52.301308416672
52.329430116118964
52.33733616506589
52.36862330276431
52.37734679209722
52.3837356417353
52.40362181071429
52.41406546076673
52.41649204635775
52.426987831454056
52.43595664232895
52.447135894662594
52.486431786897626
52.49242888092519
52.56210292050191
52.718143692354474
52.739552754011314
52.77876675825946
52.80234531110448
52.81244420128558
52.8305115654128
52.83896115766846
52.919399581710834
52.93232048241324
52.939241299340374
52.96992442270905
52.991116013725815
52.99835850381737
53.011040397473735
53.098668661024384
53.12479910860304
53.16727750504524
53.16930469298306
53.19032448451274
53.21301268258148
53.21644361208077
53.23123118816488
53.267340043691945
53.28560098404406
53.28756805582146
53.415436827117574
53.44604155289531
53.45623988087879
53.5027915454567
53.50449700457134
53.5340791820627
53.55158691164456
53.600184908033036
53.657852175274115
53.720899328829944
53.743173458654084
53.76729798868527
53.781257788825734
53.79686973969108
53.79959464909397
53.88637352156757
53.9017358945781
53.911493405025915
53.93554697810575
54.01689496627065
54.01689496627065
54.02186223586511
54.11881786294574
54.11881786294574
54.26387046106347
54.29149212318647
54.303050861957374
54.318726478573915
54.33641873517736
54.35721111762276
54.42278994594049
54.423939866857346
54.43083678542817
54.45997652286429
54.483988584100054
54.4951759107634
54.65208749221421
54.65946633998122
54.68331118627179
54.689235286897464
54.73238256562389
54.800228535805466
54.822962332282174
54.880426113641384
54.90906212533949
54.919399310489574
54.9717588256589
54.97855496736798
54.99656782148393
55.07299047358254
55.128107275645355
55.13432579591865
55.13938497855799
55.14671312193439
55.14691904979935
55.15755719629685
55.205311499075066
55.28390443049775
55.3031637478093
55.3044140228551
55.32219933392109
55.40649054045274
55.439206891280385
55.4678152447669
55.471177448048074
55.49536268342018
55.51256906892578
55.516839678727095
55.56852799663967
55.5988246491277
55.62904446079427
55.63766886126864
55.65905870859
55.67721242585189
55.679506365052816
55.68514815596702
55.71293289620397
55.75023623967586
55.90641139334117
55.933672032091884
55.94681861635492
56.01895689084709
56.04403763715725
56.07401678410394
56.10720750550116
56.11152903355717
56.11521439171855
56.12659424687407
56.15002180848046
56.176240322039725
56.208566575004035
56.2611837973667
56.26287644055301
56.295083377498464
56.299504364666824
56.47344234774436
56.49429602859712
56.496210888880604
56.55041025465814
56.57810164385529
56.59381353457676
56.641111852591756
56.64668325752039
56.71963913804903
56.728660536966466
56.747039805340144
56.76612530841646
56.77525565777073
56.846674117061
56.85840077104796
56.940421244693894
56.94426185751307
56.94765794846565
56.95994911767676
56.96496684810105
56.993353088308744
57.017000578745154
57.02026828711924
57.03137308056402
57.09757390844626
57.12958941273401
57.19232268285439
57.19395412908718
57.197384000603314
57.212727719680956
57.220343702298564
57.23155944516168
57.252743353199236
57.30605018218577
57.34130046704159
57.35084519272718
57.40990201224412
57.443778817605484
57.44732949928821
57.45469188835141
57.478568983847076
57.48044817204787
57.518777717106126
57.74361797910108
57.77935785061155
57.80295188523038
57.806446326874855
57.827706512251005
58.05724432702858
58.06549220527811
58.09365876159193
58.149648967839866
58.150466359663476
58.17907242237236
58.19500352906522
58.21026534849759
58.277001557138504
58.30425212267845
58.31391888481309
58.31498339715018
58.421909979151046
58.42222260541915
58.48208627702762
58.49115864943542
58.56476158733902
58.592285256311904
58.673517842245836
58.68324966646847
58.74912243268838
58.76542182747334
58.77507942136095
58.77713384506247
58.793390394844195
58.79444472355577
58.802128562989886
58.80589328192472
58.81968162394014
58.84616300745356
58.8569660336216
58.87948791755592
58.91200502155419
58.91217012008965
58.9281345046314
58.93345659456732
58.99304377296345
59.00978345288845
59.016937299288955
59.03044884227651
59.049304593935766
59.10513344955863
59.15417081332554
59.16317222118612
59.214270784780574
59.220782915086176
59.24115429057262
59.24880949397625
59.25030868975636
59.257394686980255
59.367591382510085
59.3762061392366
59.40127366390686
59.4578152479575
59.48324757683058
59.48381296855425
59.4893947578107
59.55144191881072
59.560703450785844
59.56741569478016
59.610716659110466
59.63113543827929
59.642605649447205
59.65607754508456
59.66757463558961
59.69433595332421
59.6976288491319
59.69983078855606
59.71808213115899
59.88649612487771
59.913240249884815
59.95463626255222
59.99583274911325
60.00372063956736
60.011907487038094
60.058495426619544
60.0802242003284
60.12680241491683
60.148138515915846
60.155270767320225
60.15602065098219
60.252176988613705
60.28713929517163
60.28932602339638
60.29674057264955
60.337854764716774
60.36176185577075
60.38737736869636
60.469565764610785
60.558083403968645
60.57710814831694
60.613888130278845
60.61431682244833
60.63825843440398
60.645020199559774
60.64863250594714
60.6761860024108
60.69189529749636
60.70583495955246
60.72005737347093
60.76164190358455
60.764588061286105
60.79057661372448
60.910959236714824
61.05803765703814
61.085925908991904
61.10635381568748
61.15146561635961
61.16254517088808
61.22727239151001
61.23108036095417
61.23433743236268
61.23822026478337
61.24418626272194
61.29444044418458
61.443292571226685
61.46021276095392
61.46278082830228
61.51929542885724
61.52790679508858
61.534205303898865
61.537362700656104
61.59489593913876
61.62161247654511
61.63672740574188
61.68904418214419
61.740558707780934
61.804688198859
61.81805189402422
61.911698152755235
61.91440586659337
61.92295441332667
61.93212954999721
61.9477726871142
62.043621892666394
62.045843478718034
62.073954238605296
62.089965936828534
62.13413833315762
62.137002184734165
62.15798808648741
62.170456260958034
62.17523263850064
62.19126636902096
62.20571465425462
62.281518097416104
62.33865909403882
62.38207422878858
62.426795038689896
62.43424085012281
62.46082742566418
62.49898232432968
62.50733746120899
62.61485338145677
62.62249408699036
62.66059700937389
62.71248258093441
62.793670413980855
62.79696284546496
62.81057861246828
62.81960301933551
62.83763798671938
62.84147424199964
62.84305009137149
62.89682168976181
62.91188892630352
62.92224630134199
62.95793602555456
62.96915270321358
62.97267027717802
62.97777467503629
62.98259860627313
63.01199397305015
63.01823465765874
63.07667997096946
63.09491730514687
63.10637828050633
63.114014457082696
63.121635431118435
63.176697428760505
63.18225343971512
63.20358892422687
63.298622531872
63.30229799158673
63.30281684650183
63.31566851198845
63.31588656398705
63.354367213831544
63.450818035100006
63.50382824212485
63.50382824212485
63.51036109243146
63.62873559924386
63.67201060532594
63.688696352857924
63.691793081776076
63.69515594729918
63.71970913475602
63.743985854400265
63.74643558662533
63.773421459726556
63.786288220788045
63.81383464247136
63.83291302719496
63.85077599221938
63.96178946622145
63.98040625314186
63.98906412024505
64.02347388623635
64.03219986900153
64.03416175656582
64.0593634603027
64.08130727206418
64.15485507663787
64.17812116940785
64.20072045565655
64.26931786819695
64.27494023093521
64.30398673261769
64.31445025256929
64.34981843040201
64.36197321876917
64.39146165606098
64.4656573359241
64.47036120168457
64.47120139131009
64.52250716214755
64.54505767152072
64.56451726113467
64.58959860340946
64.62831220075232
64.7488479131468
64.78053015982299
64.79337153009052
64.79380239722484
64.83149069756975
64.89530797224879
64.89703377579394
65.01267025229063
65.06488595363412
65.08811243155523
65.09905430169444
65.14428378387687
65.14778987014854
65.16362025530513
65.16531450063486
65.17396847518155
65.18122937253501
65.27386924582734
65.28084537996416
65.28968421651574
65.32023949614349
65.33824646224879
65.45128894968302
65.4635141868897
65.47648949543161
65.52363650124178
65.55066897665435
65.63390235852367
65.66401372288573
65.66969051977955
65.6816503239108
65.73286392528418
65.85366040888887
65.86063571103112
65.86131778802289
65.8665228147591
65.96326545638429
66.01990261448147
66.03103667464562
66.04230928062022
66.04628787755621
66.06606379921877
66.10263208599896
66.12377231898228
66.13875712282386
66.19189388919152
66.21943387873446
66.29178346542027
66.30101806128938
66.32238393058314
66.42495325405518
66.50219190455512
66.50358632528936
66.5168772843262
66.52794653407379
66.56237407072429
66.61020317497591
66.61612227261666
66.657576270886
66.67986008490604
66.72043801035181
66.77626547775932
66.78159002672258
66.80479159629635
66.8108661391818
66.84822391299356
66.85420224633305
66.89773574553956
66.90303953611004
66.93542097354612
67.01188432773944
67.08440243909772
67.18682081328315
67.20110276729734
67.31061472140011
67.32142604419715
67.32168703317741
67.35159143809383
67.37836790723507
67.3835253918283
67.38727957837473
67.40295385578091
67.45387718814462
67.47392669190792
67.49262457484726
67.49583466594267
67.5052142817549
67.5568255965728
67.56031182257325
67.59479111245405
67.61169549638977
67.61366619495504
67.62345295159665
67.67064059534796
67.67455788242357
67.69863697970774
67.72421023182012
67.73030322851231
67.78558163036067
67.79068916530208
67.83122489684052
67.94693467596034
67.95471406408426
68.00129550461128
68.00347599745791
68.0061775789099
68.04928885291328
68.12379847729588
68.21765659619535
68.30867503356846
68.31719197793542
68.31901928523799
68.39090427130628
68.40576686922599
68.54404141691538
68.56289422930011
68.6109232364364
68.6438639450576
68.67892469622078
68.68217678324395
68.72075376863971
68.74894367108541
68.7652909073705
68.80116142822195
68.8136637719481
68.81762217818584
68.86171949083659
68.89589304264005
68.90035839570638
68.9423133486589
68.96448637904142
69.02936686262889
69.08357747467585
69.14521235838193
69.19841175272572
69.25647806195785
69.28026845787232
69.31325780634432
69.35875479106579
69.43342740339287
69.44005193675328
69.48011084752235
69.50746671115706
69.62204394806388
69.65101353861478
69.69496288162784
69.69982490053249
69.70475168456544
69.7498372023511
69.78164743982845
69.78454435098067
69.82096571777423
69.8320612638471
69.8391973604347
69.91118739117266
69.9745867728054
70.02721839321325
70.03580315152713
70.06948669277352
70.07588146437082
70.09541717175833
70.1267918247069
70.12787832665641
70.13403086286156
70.16270864508161
70.166286462097
70.17497697959126
70.21960406210161
70.2322159804223
70.35627584927295
70.41685411050673
70.46022325815444
70.48371706198738
70.57392694466547
70.61127350842129
70.61696113483137
70.64554757285822
70.6744406543115
70.73413399089479
70.7434012460419
70.74663401923526
70.75282484915923
70.78667445234161
71.03115832477535
71.10263391513928
71.10334719054943
71.11620951185309
71.15632391480511
71.17742367288422
71.19426260877657
71.20365546205785
71.24876660243903
71.37245667681732
71.37245667681732
71.47622496053991
71.49116667986013
71.52371375131776
71.55067176003587
71.61729509344678
71.62902624493601
71.68598256013168
71.8456055022808
71.90299767903247
71.90367329365857
71.9061073425207
71.92520638459095
71.93839692751051
71.95014078607625
71.98694970800113
72.03396904531526
72.06650234712761
72.08768414047285
72.08838043601911
72.10340371640558
72.12635491841694
72.15432741978708
72.21001212767423
72.2168545073238
72.25657549770872
72.26033155699784
72.26039433487074
72.38022116210865
72.4001568827334
72.41525992312168
72.43888534662555
72.47525282965366
72.5003950780352
72.50074147911272
72.50562280003248
72.55366813103338
72.55702904765191
72.58012999693699
72.61256121721327
72.61256121721327
72.70357258514738
72.74226526060063
72.7550655940205
72.77057397189657
72.7774574230891
72.79241178299603
72.8192379124992
72.85667479896374
72.86761262315811
72.8729869658586
72.89589888948123
72.90304142307693
72.92821143460924
72.9544196095999
72.97826343088543
72.99640951313624
73.01241594571434
73.07057252883043
73.07847577016945
73.08300583344312
73.08627387735304
73.08884076300588
73.16269421340603
73.16992114993278
73.170796728452
73.19043935179037
73.27837216087717
73.29961531938741
73.30283023670121
73.34166961016797
73.39059910620547
73.43498282325407
73.55131734959384
73.55131734959384
73.61122062191248
73.6234147331875
73.6393318581488
73.65691698182287
73.66112190435585
73.69435768371632
73.81970398291307
73.8460653983647
73.85465979939652
73.8568945343461
73.87970418405247
73.88203739629965
74.02419397868482
74.0784287641046
74.08379683161053
74.08407486140526
74.08456093010317
74.09264586366038
74.1070683902804
74.11232908749601
74.11668979165431
74.12818629243944
74.16693743490337
74.16756634276776
74.22187581280528
74.25884027110818
74.28770011756806
74.2953697882394
74.30342306047568
74.30732111667574
74.3250212754065
74.4137931038423
74.46538324740384
74.48958564063439
74.51535082908305
74.52308128978551
74.57047415045575
74.62135072651152
74.65534987062593
74.7489691023018
74.76530075777691
74.79907806178012
74.80934778839958
74.82844742978864
74.84576398264649
74.84839415074764
74.85004024323003
74.86374813984656
74.94008591633033
75.00720829698847
75.06018892622134
75.06920822878214
75.11053737952386
75.13537889602159
75.14225298718574
75.14262732242959
75.14565870423522
75.1734703988039
75.22563119776531
75.29943563612645
75.31332811159159
75.35996066991068
75.42853156389772
75.43490518975267
75.44088113357617
75.4568751398889
75.50018843993945
75.5138187682176
75.54858778102327
75.56839208089248
75.58149803086587
75.7007011376365
75.70815344852838
75.72871793449741
75.73615256802417
75.76817416227468
75.76817416227468
75.80277125155868
75.80452644044807
75.82683602920802
75.82937119964221
75.87265039484271
75.90826402348452
75.90944649812764
75.91438286989383
75.95527026370708
75.99850299077976
76.03949866824752
76.06254888839705
76.07195288192445
76.16261168160453
76.18757895092978
76.2077871589785
76.37562809447422
76.37685076549911
76.37832219503618
76.39032595773955
76.41488719466457
76.43624110452664
76.47252536307724
76.4747368378091
76.51626513708204
76.52973029790085
76.56046271368372
76.56068657830724
76.63572602337047
76.66502567050489
76.69920664881887
76.73382249986996
76.7605986409613
76.7910833380659
76.80672245743504
76.99006978887198
76.99006978887198
77.07121779382797
77.16168213424042
77.16919463785466
77.20467203047916
77.21929858230037
77.25445802144684
77.30833025693866
77.31035070963223
77.35433434589807
77.40967268980536
77.43568300745024
77.46359108343658
77.49283266046842
77.51323157599703
77.5472648988866
77.54989743930557
77.6033502139869
77.63486977448116
77.64280264976047
77.65027854979608
77.75119688315043
77.76698504414847
77.85310141487551
77.85310141487551
77.85847157891493
77.89837736783451
77.9187847873375
77.99536532985846
78.02888244958748
78.0329590164838
78.05634617695296
78.05679409556888
78.08375080085128
78.08381795360702
78.0884217031054
78.1321918785489
78.20164560455396
78.38718540082886
78.50081968004008
78.51792319245175
78.62469611531813
78.65585168126081
78.67011244448554
78.70594477984979
78.74558817106646
78.74931709267318
78.7581620778948
78.78850559743445
78.80394617579029
78.81592154390862
78.85424390351014
78.88150589171258
78.92142978048824
78.93295196157766
78.95827923580174
79.00796082815857
79.04287949353107
79.04588690984512
79.04851948256048
79.06543472917117
79.07565095656366
79.08376386263689
79.12407290471124
79.1773548251932
79.1832796957128
79.22391475423889
79.26629091314412
79.32264657497969
79.43175963025624
79.47479829918895
79.49325404659812
79.59865481242052
79.60016429943282
79.60073117748608
79.66112962660465
79.69106964051434
79.73694680203
79.75915657075726
79.7604266106477
79.7636116168573
79.89332613830386
79.90144067130093
79.91453723098948
79.98762243148767
80.07143151878742
80.0786936490584
80.15866975261756
80.16822461001772
80.19831443398039
80.26707977571289
80.35166790648559
80.49773745460242
80.51790950992198
80.53205872885242
80.54679032740829
80.54972754930787
80.57972440125542
80.6478915222269
80.65584366632584
80.66735070061175
80.71644619904562
80.80048960290215
80.84230815637235
80.86497621194634
80.8959603796931
80.95435572981147
80.95805876503604
80.96064185686521
80.96832548484164
80.98601174109399
80.99129895714759
80.9978619761764
81.00686129345142
81.03047109131577
81.0478466396019
81.0918508027138
81.16679008606883
81.23265413968147
81.23505627652482
81.2753240282496
81.29609009636074
81.3556985960094
81.38787416181357
81.39038199134015
81.41399907920497
81.48177512253633
81.5253114688051
81.56643382247563
81.57039820468691
81.57788987834465
81.58229986643177
81.59725656638916
81.61035776014393
81.61090276678885
81.62993273497048
81.63326885743733
81.65433233750645
81.65716337473161
81.65909812988366
81.66038254023904
81.6720190111046
81.67310253967305
81.71774585975079
81.7892294851514
81.81767832563645
81.86165686807314
82.0173663785461
82.02070486681495
82.06191967442746
82.12125674671047
82.13304146228856
82.13356509118279
82.14049371281297
82.16468951686484
82.22885290871312
82.29585949824127
82.32240775251546
82.36881543002688
82.48780568165826
82.49106129513662
82.51465699262616
82.58278915804067
82.63221942473275
82.65003029887002
82.67878129060796
82.7962974463399
82.82331735247097
82.82786193904369
82.903930031966
82.9094742505572
82.96029466302781
83.02684869182285
83.03135687737347
83.04169822359717
83.06522328511541
83.08752225137788
83.12035119358903
83.1344116208944
83.20660200402469
83.21763365236707
83.28927095110795
83.30390431297171
83.36164552290319
83.40846500679818
83.40983808467422
83.41197989347214
83.43833690893226
83.50126622472281
83.55953488641606
83.57043470101878
83.61252823634257
83.65254581675353
83.667417211434
83.71479488207201
83.78214509610308
83.90549277396673
83.92053660467326
83.93462043196763
83.94786474336367
83.96091124605013
83.97035819056205
83.98139560198621
83.99837292042717
84.00871943233012
84.01650742934757
84.04520724798095
84.08639313320772
84.08791364436377
84.19017645172657
84.21741245442541
84.22665763435826
84.24930086379835
84.3090081484266
84.33719513692546
84.3391963825071
84.34864441060836
84.37095480472196
84.40531329006294
84.42199684882252
84.44550980360229
84.45725099084869
84.45907590370497
84.4909365806322
84.50173323282624
84.50316410783557
84.54239171839073
84.54721664559322
84.61372352341118
84.63693818342823
84.67431311698532
84.67458845293116
84.68467436602151
84.69635050828154
84.72775862042829
84.74008041686844
84.80927444642218
84.8633327129472
84.91332061960325
84.92185214644198
84.95134240418078
84.95245059105457
85.0072443737181
85.09696104361157
85.10526816548263
85.15789354655486
85.19952041202622
85.20208009390262
85.20250438789027
85.22092531872312
85.25996275715937
85.30072813710007
85.34016210609839
85.46959175266254
85.50118373085796
85.51351144828143
85.51368217100534
85.52188655178745
85.52891007744348
85.55464257196283
85.66368151092628
85.68146299562233
85.7132618028776
85.714955298401
85.73343376927875
85.77972542817
85.78282151858158
85.79680616763889
85.79950951330028
85.80268242780282
85.92507424531597
86.03775627968463
86.04626828462264
86.06289883388031
86.09623975342556
86.12398516809125
86.17709546878137
86.24351196859128
86.29185716155752
86.33079372884784
86.36412465875992
86.38321680622835
86.39387451745505
86.41306362829938
86.48119614930775
86.5049636301337
86.60186903291033
86.65606809499894
86.66789480145809
86.71350653262475
86.76482121103862
86.78569065536539
86.78695163099331
86.82169519373957
86.87598607253476
86.88458626267584
86.88900897557
86.89465258793904
86.91434346480153
86.96678796793292
87.04811161847296
87.16016039608701
87.16785774332348
87.17844951353025
87.20751514987022
87.24392342636025
87.32867847312164
87.37302566127103
87.40174737089566
87.45487359365139
87.46481064980733
87.52020989589472
87.52055411551433
87.55207669422944
87.55442662322741
87.57323301163488
87.62012096975268
87.6317670498926
87.68529382895622
87.7175669890337
87.76809291548861
87.778622133543
87.80741057609397
87.8255010552857
87.83241658211749
87.85864001548848
87.87357279695375
87.87505206103761
87.88194628693113
87.90366437192488
87.97061365361918
87.97061365361918
88.0066403448633
88.01534999571705
88.03352942098537
88.06686387863478
88.08307341002677
88.09325273012092
88.10633728184068
88.26803179205521
88.28361294698004
88.28749132483428
88.29725434163677
88.30842138075695
88.34632316285321
88.36023150964056
88.37766634666654
88.44631929136169
88.48205465979507
88.66024238669374
88.67299279812148
88.71094001111878
88.73715179935643
88.79462578120665
88.81336429273352
88.8396762375819
88.85613678599134
88.89148031012566
88.90007782198525
88.92507828886434
88.98482641312475
88.99086974387455
89.01132078337275
89.0597421781203
89.19860397358951
89.21690719833806
89.22653751908055
89.28872006201979
89.30339267025589
89.33987374906538
89.34384533626448
89.4322388446364
89.4322388446364
89.49948929815635
89.52386979748731
89.56869885737346
89.61554478146574
89.62883190950532
89.67206906544156
89.69976570039601
89.70865492032122
89.74751821232205
89.78889323319615
89.8641384694658
89.9064148185531
89.92762850400483
90.02566256290902
90.09903471180041
90.0999144391123
90.16289368924268
90.18067919685957
90.20305825138117
90.27430387247537
90.27849688060527
90.37042061633929
90.39907721924331
90.47588939155449
90.48683106148056
90.58402782434162
90.70027104494116
90.71475921051587
90.74814326413139
90.7549030932639
90.75824399011503
90.79162151844162
90.79881533784118
90.82068473105178
90.82933441957525
90.85165113807265
90.85787846575856
90.92565685340249
90.96932988028725
91.0051215840136
91.02743243039022
91.08262119472884
91.09353250484962
91.13757737769892
91.15198385639545
91.18114642525298
91.20434595132268
91.22728703516209
91.26029624248294
91.26160261019086
91.26663907009541
91.32123893706085
91.32574361952867
91.42086320092808
91.42865195158552
91.44158056225923
91.46962748821669
91.48975196693817
91.50764061520027
91.54946756141211
91.56259348056166
91.59404262121474
91.59873409045169
91.6158390633034
91.62995581989497
91.65970367044596
91.66926881775922
91.7271113340989
91.77065077017393
91.8165901688532
91.85357201772307
91.90407874149207
91.9068509798963
91.97253406609788
92.03270641258408
92.03478996258453
92.0400584149185
92.084492252106
92.13142638721119
92.14498801026284
92.17482719375008
92.19266678291838
92.24233177863847
92.24309502172356
92.28980061536578
92.32521194096775
92.35217530114653
92.38440216060216
92.41808712251697
92.45404245461889
92.47898384923833
92.48113464350637
92.5239198255679
92.55315208278999
92.5560458522231
92.56097518229745
92.59259584193056
92.60675796676448
92.61350226060779
92.65108189373679
92.65275466329834
92.65436737392035
92.68508435069687
92.70855805594758
92.74016140923072
92.79469585312536
92.84601688066368
92.8690250985729
92.88830035457762
92.91847857493792
92.98336364855805
93.00474925383097
93.06414991445507
93.13031121317212
93.2143251535852
93.2731360959309
93.28277590224151
93.30228348604352
93.36360184532946
93.41020052612221
93.42038452451736
93.4550120904101
93.45550325923406
93.60114852794803
93.63058683010176
93.63553993458605
93.66061648886908
93.66344438081926
93.66559180430502
93.72925860396928
93.73628554999476
93.83963159874864
93.85520408177167
93.86175367570517
93.91049698359978
93.9204057119488
93.93166787175508
93.9361529628999
93.99538930735001
94.11462649685143
94.16649375797219
94.18012489319761
94.2067567395331
94.26601141067782
94.33235359091401
94.33651099698396
94.3503683771207
94.37442606567949
94.37459223193551
94.46997803785436
94.50299438980848
94.50642280427012
94.5410234425214
94.57936737780969
94.61561974683926
94.6682778623553
94.70329830622295
94.70958103896146
94.74551219208512
94.80588366027999
94.8505806595941
94.87554379451078
94.88703346842526
94.92299145727321
94.99982995022864
95.03569284561884
95.05600623412823
95.05803592247844
95.05857848495977
95.19999593307163
95.25614362375988
95.27841549362415
95.30900416013411
95.33109578382387
95.35898011911159
95.36524218149457
95.47394735946737
95.50200038929066
95.5390001210102
95.55554124765088
95.58079957841957
95.5828908647962
95.60264879325095
95.62187257631734
95.77731482362152
95.78674786464441
95.79935063232679
95.8032822097205
95.8048988500054
95.82813443103629
95.91832129632972
95.94318742141257
95.94603822340542
95.99340250007124
96.02209554083304
96.04552354137589
96.06359059360275
96.09939891359389
96.13737436619274
96.17294491317496
96.1861043122221
96.191293702179
96.21043869691115
96.22743211422635
96.22749193851064
96.22854334040717
96.23594327904136
96.28935947869088
96.29603301863692
96.34331283216791
96.34682610374966
96.40776622283781
96.42458976274295
96.42920415475706
96.5161044435741
96.53071275386067
96.63831963447527
96.68839941268949
96.68901425157534
96.70859396159582
96.71975250785104
96.75915566023741
96.78293598970508
96.80887696433376
96.85688263173449
96.86775832921555
96.93398178050292
96.97136004944237
97.05103234529811
97.05103234529811
97.05816925302076
97.1186322529654
97.17474748981888
97.20587530624259
97.25278875833038
97.34197688726458
97.36900319629196
97.39915907823101
97.45595210530966
97.521059032181
97.52289370954429
97.58977907212216
97.67085432983558
97.77623534290306
97.7955377922914
97.81937466890925
97.91112042766551
97.9434123000042
97.94815405432264
97.94916250256603
97.96008061337272
98.14363464615413
98.19497143798009
98.25052552178288
98.2763582538048
98.30222420363513
98.31618200731508
98.32538113888914
98.33005800599899
98.33272168828401
98.33609367961547
98.52965871615368
98.53289670742778
98.53375394630999
98.59026791523883
98.63063822345693
98.63096558065263
98.64183651713495
98.66637641727054
98.70756562994129
98.74214158233154
98.75855761146258
98.76832585821319
98.78801936918819
98.79069945592367
98.81292264174596
98.8217322345494
98.86882624636635
98.87670086538856
98.89813309307495
98.93650782779717
98.99551701209657
99.01872327340675
99.07920476708222
99.08365671058165
99.20383444950625
99.21527883939365
99.22061852856864
99.22419981603953
99.26824596178686
99.31727620570146
99.33723561031283
99.3641149316015
99.37455506184662
99.42809715255932
99.48424521344533
99.52538836419328
99.5622131693435
99.5908206584654
99.62104349898443
99.63911158530726
99.65927735238415
99.67154965618504
99.68944831296815
99.69096235418539
99.70213108779289
99.70480687278382
99.7280816276116
99.78240037643282
99.80758907760236
99.87265293928155
99.88474517460898
99.90163022679309
99.96372869259959
100.0520623530851
100.07440052752733
100.10358797451391
100.15027176429868
100.17082149570273
100.17708440188483
100.23269760144132
100.24133598730057
100.26783727047741
100.27895439297535
100.31531517322381
100.36959465784417
100.37497650365746
100.47894795017719
100.5045128660047
100.5264514949354
100.55275857215918
100.62087236070248
100.64672727844061
100.66677861476235
100.74672644777648
100.78182749816918
100.79819664435364
100.84350677320481
100.88067472112574
100.90730868077148
100.94022621006255
100.95981310160113
101.05696221895812
101.05696221895812
101.13056397821101
101.13237692507457
101.15500580978464
101.20621620579288
101.2607707132952
101.28506238385152
101.29111765013751
101.30893111831428
101.35599080770221
101.37664923325447
101.46418096079724
101.47059993099363
101.47417398554276
101.49602276394901
101.52011013721972
101.52706726456171
101.53905742126685
101.59221220467964
101.59651205434083
101.6215833065335
101.64637741333577
101.6704542981236
101.72405013106051
101.764659076819
101.77274908114825
101.80312950392842
101.93478009765053
101.93861019540672
101.94041326297062
101.94375615434693
101.95146926846189
101.98429815164461
102.0028903950603
102.01737689075581
102.01884519931136
102.0896703700622
102.09374028091199
102.09919506787784
102.28511223697426
102.28511223697426
102.31402314108095
102.35732441574005
102.41455766467713
102.47257921414526
102.48264682721694
102.49433066224006
102.52678483490453
102.57914467078898
102.77886684232327
102.80333520538868
102.83783833941979
102.96432166111305
102.98827269624782
103.00949769612913
103.0207726673151
103.06548325441119
103.06577854991323
103.10698183069148
103.11328904552256
103.1370455836375
103.21767092057422
103.26917977851262
103.29562883199326
103.42430871101551
103.47893007793037
103.565318583102
103.64531952521932
103.6741825097993
103.72226048692099
103.73978197432142
103.74543067484497
103.75680808863254
103.80298568652951
103.80352706664658
103.84330571595424
103.92007387918981
103.93394916904286
103.99154647899259
104.02085920413055
104.07960638407273
104.08242033321271
104.17076667191908
104.17750416733082
104.22847599562932
104.23070103156428
104.25099071012099
104.25492418568886
104.27957734909005
104.3282409594299
104.36133406338183
104.40531005374223
104.4535359786063
104.46212710565207
104.46580951636535
104.48252190318658
104.55300149809241
104.5773957692548
104.59581560419184
104.62602037150653
104.69898865699736
104.70335073027323
104.77155015802657
104.79709123084908
104.8440245834021
104.85633463790273
104.89366502076713
104.90153100067839
104.92272317237448
104.9313945447802
104.95235663386512
104.95378224288716
104.97447563443033
104.99073642027683
105.13677963822917
105.1601288232285
105.19879174441378
105.21042400790752
105.23100011038075
105.24429997902628
105.34171908417756
105.5201367460908
105.52489565770117
105.53015442798045
105.53372024334763
105.56364679354098
105.59188097437054
105.60105640434776
105.6029694923878
105.6330319606363
105.65307576506605
105.67236305276475
105.67648793427784
105.6768848475423
105.69440683878219
105.70168872409346
105.70320166144013
105.79879800487593
105.81704920562045
105.92423959851932
105.96302790604501
105.96871889416616
106.17075224181328
106.21274389573506
106.21733993511005
106.22257024327014
106.27968382206086
106.28986027606724
106.2935700995614
106.31363549264881
106.3249013773932
106.36261213715913
106.37208650712934
106.41057318001285
106.43723345960746
106.47977670894916
106.52471302430995
106.56166470641435
106.61143728436832
106.62703217944788
106.64708617367369
106.68146809301395
106.75470273373851
106.79907044643602
106.80880721591436
106.8266862035985
106.9640293544627
106.98346930634337
107.01995119508011
107.063118452238
107.06506672623381
107.09996501726162
107.18452060430084
107.19941492615443
107.21477000873395
107.29308906506655
107.29514434796356
107.32799749225704
107.34927758988147
107.43259304119836
107.44303448828526
107.46694198986648
107.47636745410314
107.49621935608083
107.51074440695571
107.56143282423662
107.62825725689684
107.63820998291443
107.64050856785268
107.65709572960617
107.6665441564944
107.67754905572545
107.68680605464762
107.72134739201609
107.73614094401577
107.76068591207473
107.78436559639609
107.78545899094598
107.82469719953747
107.83114173200966
107.84633101618238
107.88155152592387
107.94938666197893
108.02297302656599
108.03861649772988
108.21492607062547
108.21492607062547
108.22068873083491
108.24461480269542
108.29115094778716
108.33751557563929
108.34677786365089
108.3709188283891
108.39072484977761
108.39447806153807
108.44378710570383
108.52564570066014
108.55361723073051
108.58110703900124
108.58787459291497
108.64732660541854
108.64834928206618
108.66810283750435
108.69280702538941
108.73287131806462
108.74562725797584
108.79293443527447
108.82354459493801
108.84738743099312
108.87980598788577
108.89711544883696
108.90953412835785
108.92902563460932
108.93649566699574
108.94736081671631
108.95430154249019
108.97424055834958
108.97655643985956
109.01663517330176
109.14590427142016
109.18094051021038
109.19537897090163
109.24690322816247
109.27082087498643
109.29486833217925
109.30699700320925
109.31837416445448
109.32322851351435
109.32666529291954
109.38344842214865
109.39799138471099
109.40999354123251
109.44194614472478
109.44410879700823
109.48656025951097
109.51655064361526
109.52814518967325
109.67411101556698
109.67882872478836
109.70078223649205
109.70383611145883
109.73000373004535
109.86770827766914
109.91817531882371
109.95574227459052
110.00969599164942
110.096916179752
110.13480273849117
110.14808922660066
110.22645840316238
110.28381949206859
110.2997012974249
110.2997012974249
110.30028956299203
110.3681031417789
110.36817168342832
110.39083765566346
110.42048401364359
110.42552889502522
110.42821962766753
110.49055058000326
110.50251578707166
110.50784681409078
110.51252125187352
110.52066918982813
110.57466723777279
110.60138792648577
110.68636398494509
110.69378097645358
110.74504995505406
110.81493642027772
110.81824140649573
110.83590709051563
110.84232058606698
110.85963439519219
110.96111779292755
110.96612261404654
111.0566127078539
111.08209382482174
111.10806393861212
111.14789334558056
111.24015955165962
111.26511324025564
111.27269821017566
111.3167255698932
111.32697608722947
111.32837390857597
111.3461636144292
111.41995675183239
111.56959087768973
111.62524175064297
111.62691399238942
111.68616547742472
111.71434803528537
111.7523352750868
111.80330355848515
111.87076492968846
111.87120600868866
111.87815967462741
111.93702189228965
111.93835039883517
111.95933466082859
111.99715444900524
112.00438642953324
112.00715096989747
112.08330907886193
112.11840619241644
112.12613814744151
112.16530994440544
112.19098016344276
112.22995842551967
112.27879149759762
112.33979946540761
112.38262743304064
112.38351920241666
112.4086274954903
112.44631356185141
112.5104954462716
112.51350426926298
112.59158062420082
112.59485981774843
112.69608236936169
112.75224621597731
112.78095914716997
112.79743781398479
112.82343283829913
112.83429591914452
112.84524040812612
112.86316730707263
112.92872479318169
112.9643630520459
112.97160244641445
113.03512243123701
113.09532305590247
113.13974161391948
113.14763046610385
113.15063851981306
113.23824987289326
113.37939016947024
113.40205567108703
113.41235980731162
113.49264178321822
113.52311419336479
113.52947131946846
113.5380306875662
113.60902563146097
113.62696633042684
113.64050867746518
113.64751275217252
113.66361028377558
113.68186709438096
113.69089414092952
113.695278590635
113.707812792968
113.76014212835202
113.76834815231732
113.80352395090449
113.81089590931309
113.82727331588357
113.82820737581105
113.84451032297653
113.92211561665034
113.92564225738671
113.95552752691867
113.95997883212057
114.0595486260793
114.0603867669313
114.06221221744075
114.12375386268742
114.15989270206016
114.18322295230078
114.18668768723447
114.20200636299384
114.25651094268586
114.26453400587091
114.31022368916663
114.33982317414484
114.37825140398022
114.39792779755325
114.44501689240265
114.50493849337596
114.51921709057805
114.51978952130159
114.53875650065025
114.56062593749584
114.57382327699489
114.5855176306542
114.5879049521607
114.63225780141099
114.63312695481554
114.66620661159591
114.72414164497916
114.73506491370314
114.73911125205423
114.7395244158128
114.75027498448874
114.75832580266227
114.76218091219333
114.76782954686095
114.82729345408235
114.86808968048693
114.89378498135716
114.9200240344049
115.0267520982536
115.03056907496745
115.0362810054189
115.06326487660259
115.1024066477288
115.1186515039047
115.19613613903009
115.28050540741975
115.29386772836517
115.36198050848832
115.38898588517303
115.40029118164344
115.44979635118095
115.46619014541825
115.49509939248952
115.5551523017319
115.56206881087556
115.56441830856726
115.57667844156967
115.58208713011518
115.6002045273129
115.67442172550663
115.68280115919893
115.69233604671575
115.71460676322636
115.74615525128688
115.79458448621664
115.83213090688064
115.89220416383885
115.91261627984493
115.94172484117213
116.01440121036326
116.04844252090321
116.11093059848703
116.12089557151236
116.15552745923023
116.16299915843159
116.22837807176835
116.23842977064169
116.26602575319626
116.31117709443286
116.39543715547639
116.43984997340038
116.44735089453756
116.5215731050447
116.54726369330189
116.5482384095297
116.54834139448097
116.60661734877921
116.63068169204338
116.65694175314654
116.65760406886041
116.6974532165393
116.73288657513932
116.76478947194403
116.81692985576714
116.874217195483
116.89109035158067
116.95343175471518
117.0734066668261
117.07650341686141
117.09221843630957
117.13488877395083
117.15148873411125
117.16711142878339
117.17284550949414
117.23205806002998
117.24220456526946
117.28393175209943
117.29898434525238
117.3161255673555
117.3563874277617
117.37421553287024
117.41600472951745
117.41703026415738
117.43073352093704
117.44531937188015
117.45408516211577
117.53556221218285
117.55509442762086
117.56967616129708
117.65305296718716
117.66998748593133
117.69929935734785
117.7199196934126
117.7456290304623
117.75053099231417
117.76987125673853
117.77032987688858
117.77076778206519
117.7761644384174
117.85052774854985
117.89029535789926
117.89319167525895
117.99154356411628
118.01401497364623
118.01421389784824
118.05419360240519
118.1032194777362
118.15756670012141
118.28616311150262
118.29234433449712
118.316011708963
118.33612452151006
118.37084859915196
118.40065046686213
118.4219614839807
118.45851855560764
118.46899170917536
118.49499918465455
118.54031578094353
118.55406747768504
118.62106724554106
118.62433238276923
118.72112790442773
118.7326586835956
118.75821600236492
118.76028749906504
118.78049063967758
118.8018346533178
118.82715240983198
118.86623742611951
118.9026113508671
118.9194002542223
118.9555958876362
118.9709493811768
118.9747517098074
118.9962782068269
119.04605546865618
119.15006045991248
119.16628922679091
119.1781346280482
119.3660444026193
119.3704677248232
119.5071791745445
119.51685135945996
119.55016463655298
119.55315501403298
119.60753884403537
119.67610852582797
119.68411547560062
119.73075360200426
119.79531635943373
119.83695093529236
119.84323124067922
119.88274979514088
119.8832890021968
119.98626387769869
119.99087791962894
120.0297303369264
120.03581882827145
120.12731473625325
120.25003611474229
120.27218733650632
120.3047709947526
120.34574625702659
120.42171883600044
120.44835142673031
120.45940083762706
120.48132467300849
120.49507973667195
120.63893629666637
120.65538062132124
120.65932938562986
120.66639139469311
120.67239953054325
120.69061184274211
120.75417550882945
120.82766447817043
120.83058754493302
120.84499782297789
120.86023158077312
120.90931186297206
120.90990190691436
120.92508852485408
120.99667371394172
121.0476387301609
121.18817975421227
121.19148850381148
121.22551697737644
121.37936825406591
121.39292296025555
121.4742250727897
121.4742250727897
121.53679712950998
121.53828128265751
121.54715591404684
121.55025318168094
121.55619804512753
121.62714960701399
121.62714960701399
121.64677044871365
121.66156224092255
121.66926377559314
121.71866513536683
121.75892715280578
121.76203078916276
121.76317478299761
122.02329097723188
122.0337312016355
122.04407184173508
122.04481842213895
122.08025272579934
122.10942019592083
122.14382569679493
122.15117709762758
122.15849154631987
122.18558657913398
122.19814443708108
122.20177922971449
122.24535291196992
122.25337719595383
122.37879855949554
122.46233642133691
122.4685411077608
122.48896280693505
122.55632725672807
122.65981742399275
122.6763249465659
122.67959814361683
122.72882584859643
122.73818002244288
122.7412235435662
122.76636847718495
122.78295442892261
122.89229112025815
122.92912302223588
122.93912788073277
122.94849664592505
122.95022988867633
122.98276585813456
122.99999699071334
123.08795776048946
123.10225046178692
123.11525665020022
123.13532750267676
123.18514007458911
123.21731038872889
123.24699090424858
123.25059080092196
123.30142322426501
123.31021898255932
123.31201260369734
123.316211986703
123.35003868039007
123.35302344372043
123.39470524522056
123.41062550469799
123.45675181394839
123.45689340374508
123.46461629294596
123.52559121973307
123.56981605468887
123.59016938649525
123.63761525528797
123.7560352927793
123.79565068162398
123.84895133727396
123.86084669602793
123.93889277185265
124.03872640033136
124.06141213237562
124.10035791367935
124.1324888967765
124.16041790663517
124.16426764308444
124.18657536976897
124.2080010918426
124.28606814610067
124.29542813774108
124.30520124529984
124.31675841843571
124.32020486986036
124.32879147053907
124.34822559957524
124.38813175787881
124.42799085592185
124.5229087206789
124.6208176998187
124.6208176998187
124.64748916588958
124.71411191945485
124.75703821418514
124.78633566041104
124.86388288752723
124.86388288752723
124.89850961544376
124.90061621258778
124.97017874949154
124.98133495145886
124.99636460857198
125.00135409642661
125.01147655924177
125.02267616960513
125.07883296551917
125.10704278160135
125.15283495295083
125.15396462023187
125.20803807148455
125.23317247476437
125.26347412986425
125.3237938034295
125.32808613315618
125.3808562946919
125.3971490480619
125.51212695112395
125.51696396197465
125.61646125544412
125.63923670528894
125.7566472600313
125.79574277441745
125.86693584331846
125.87291064453187
125.87308003330406
125.93640299064131
125.93913693116603
125.94253998446493
125.9676793622477
126.18824349565642
126.18824349565642
126.22729390124466
126.24974253060245
126.33285810459631
126.38595404928954
126.40199769920042
126.41100361351808
126.42060991661688
126.42816324583664
126.43917006043219
126.4655131907102
126.49661057511864
126.5573845070493
126.56695707508105
126.61781180680809
126.6322972260192
126.64333741437714
126.75126995671732
126.75202083099792
126.85951708151487
126.85951708151487
126.86468844517877
126.86709650890076
126.89521661803826
126.96257900840726
126.98260272406058
127.02498751790347
127.04113995715907
127.11733333374819
127.13038737034125
127.19745659929073
127.20541151810538
127.22283684728674
127.2257392780504
127.23401153730795
127.25666326328316
127.28001606757424
127.2971124129581
127.3019237008544
127.38853615403524
127.50030483762043
127.53525783264148
127.67912469395569
127.67912469395569
127.7361200195929
127.76480194637674
127.77957471336356
127.82666406449808
127.91709246395305
127.9507396400577
127.95826255002402
127.96075020028469
127.96326730793797
127.98406186968018
128.05813013402337
128.0654925246588
128.10594022286338
128.11323560448898
128.13548085644888
128.20290799636842
128.2473883441706
128.28404959350587
128.31940888956194
128.3390611663179
128.3406655662289
128.41359472031172
128.42677714660803
128.44856782832292
128.46105964404902
128.59373478141282
128.6192874963947
128.6436902665242
128.80032787605384
128.83400719600232
128.8480606800607
128.90132107709096
128.90153208138727
128.9254922874916
128.93395325445937
128.9545059552947
128.9564237708626
128.9842618443134
129.00880521596216
129.04582167885764
129.06840968186123
129.07013506519408
129.0787433899637
129.08260164527874
129.0870529965558
129.11380643201127
129.1268787263848
129.21982074779677
129.2501455545559
129.2542540236158
129.37236916611417
129.37874028230948
129.39323032151137
129.44398758018133
129.46894273980706
129.51261149212507
129.51542873724787
129.5209261358205
129.56000536054927
129.58581059528484
129.59101055626272
129.6585817835049
129.71551487476398
129.73587257319318
129.79125571570157
129.80040506341263
129.84506697701346
129.96626174074134
129.96626174074134
129.98411566250275
129.99591196913647
130.00417738697934
130.01831319863263
130.02657024997185
130.09546926336228
130.14214510717918
130.16630227379463
130.2534206893631
130.26497883295505
130.31267432716373
130.33898018508316
130.35094063196476
130.38375604047698
130.3958390009331
130.40407636463485
130.41270185761343
130.47008373820793
130.50646494878168
130.52544017553288
130.53167056892403
130.5806993216347
130.61212811601388
130.6192267641663
130.6391984403773
130.64127173000642
130.6831858213881
130.8218180492801
130.8318648406516
130.84652312468825
130.89066338865496
130.89948342331869
130.90240537056945
130.9168148896309
131.0135965840687
131.0135965840687
131.01550068438848
131.07110885018014
131.18277761978902
131.20483256916773
131.20948543821623
131.21346257347852
131.21988176929045
131.31670846194552
131.31850606644184
131.39113254370315
131.41745683864713
131.57437118545633
131.5872503383452
131.6053343058077
131.61545917275697
131.652653843282
131.65678685393067
131.7933806727033
131.82558755169464
132.01265857798307
132.04477542707255
132.07412980179842
132.10431921177246
132.16423163211093
132.17532871962987
132.241530991046
132.30558170253332
132.338664979843
132.3542756378576
132.40394083625674
132.41437589955984
132.43470096219437
132.4630164416936
132.52935503941984
132.60359145831484
132.6184948727755
132.69798690123437
132.70310016020358
132.73049889923027
132.73719976286569
132.80595543817304
132.89034391169187
132.92201956245177
132.94274613802247
132.95831381108803
132.99214315699462
133.0061273105858
133.0211336687852
133.0356086888898
133.08780446024633
133.10809007096609
133.10873258842093
133.15243090048233
133.1872191056021
133.19369515434175
133.2222803030431
133.26448717316808
133.3156713273861
133.32816589432224
133.3484834754925
133.36781574734408
133.39001165469358
133.41754056763045
133.44666735909283
133.48177127371795
133.51590630584332
133.5281858784116
133.5463270568868
133.5505851664475
133.60859452933715
133.62704608537769
133.7224759951012
133.74795168984684
133.79930539093368
133.82626285509312
133.85681846404043
133.86594445336794
133.87991879894216
133.8886340041882
133.91567405247204
133.92035098873728
133.96944699904063
133.97951330111368
133.99408311182378
134.02399017361105
134.0839803966387
134.15123520161325
134.2104116600863
134.22071876576754
134.2328467949379
134.23723065380102
134.30171917892133
134.35576763501047
134.44969266752304
134.4742483656402
134.50475171758603
134.51245041526835
134.58040370403398
134.58135221065126
134.58573999472608
134.5883541482107
134.63969761899082
134.64336093623095
134.70779718544566
134.7501774643495
134.75356349233266
134.76410277280803
134.76650329478653
134.77331315803565
134.8549937395419
134.94644026440574
134.98936333540914
135.00415063150132
135.00918143194863
135.045591640198
135.0659472429436
135.07204070666688
135.13181264756375
135.14925730436113
135.1904948874306
135.21846406016047
135.22103114226883
135.2572816916517
135.25990005614995
135.27895314432658
135.28135765025883
135.29240090591867
135.33973013081174
135.35089312049493
135.37457756342138
135.37713655392187
135.37818903747757
135.3783855812201
135.3872745998007
135.49013371511063
135.51118303402077
135.65165392707559
135.67261682299116
135.78011364575204
135.81997903411013
135.8320392213571
135.83320088568667
135.93803594933138
135.9496310792818
135.982799385156
135.9836027775393
136.03258687345567
136.0336803986576
136.1137658661741
136.16222489508837
136.1675628108671
136.1719728451027
136.19609341150945
136.20718157897733
136.25428125279868
136.27346044417482
136.2813538357737
136.293567549382
136.3242791827938
136.36431545071574
136.36926912484938
136.3739870425051
136.38239516945978
136.40415602136545
136.50125617716745
136.5025890409501
136.55418494541874
136.55799398391656
136.5778601818061
136.67441426550496
136.7008751812461
136.7049711982797
136.7750750618778
136.7812508323464
136.79135377124686
136.80036374129512
136.85549091116468
136.8716588495835
136.8742988159175
136.93098321184755
136.94482709895192
137.05035635093873
137.10558653021786
137.11778053136132
137.11791774511815
137.19708126155052
137.20315865744894
137.20512772951108
137.2370639522391
137.2777632179292
137.36750725542672
137.4350959394069
137.4433539893414
137.45165341455908
137.45556095248133
137.49001148830106
137.5295323127823
137.55032233045296
137.57076401963994
137.59529124706813
137.60027847242466
137.6081467978149
137.66593605462435
137.72774737009976
137.83690258294027
137.8729172789273
137.90287870681183
137.91945513988338
137.92110300735231
137.93687123942402
137.9567050192803
137.96650434037574
138.0943632174874
138.09806348265099
138.10417117828334
138.11408905983663
138.16397434680738
138.2230122040817
138.23609341241402
138.2572685154506
138.27632423560414
138.28850099218076
138.30138733142886
138.322384918851
138.36375165792398
138.37453764440855
138.40918892643342
138.4156658658139
138.41661459337445
138.51933913187474
138.53007718577058
138.56612294370052
138.56612294370052
138.60604296549826
138.62336053944918
138.6300864392415
138.6945558869467
138.70322793864796
138.7857450421643
138.92939377451324
138.97859649614563
139.04178643890972
139.15185098096347
139.24479733933683
139.34808745052055
139.34808745052055
139.43117128479548
139.5172045677897
139.52230321139123
139.54404633255004
139.6877154868998
139.68928120928564
139.7039561546915
139.74584062710895
139.76045557443726
139.7998439867328
139.8690373009461
139.8699451719663
139.9562016992638
139.98544974601427
140.05406148970116
140.0578903911725
140.0802709900094
140.11715924034695
140.12405792655423
140.12408040559887
140.1536561871541
140.225426615087
140.23606292155475
140.24605844241236
140.25188503874563
140.25407875953857
140.29779338107176
140.32170794387793
140.3303426197364
140.3410897625776
140.35273671264474
140.37997433486976
140.38631856016357
140.38909688536611
140.39072105772263
140.4607571677808
140.5185944243705
140.56360778834903
140.56424183684396
140.67161669644634
140.78981567386094
140.81660151487338
140.89356619040748
140.93065251169162
141.02032837674219
141.03009474337
141.032845098769
141.06834728544058
141.11370647972942
141.11542055919764
141.12211211099083
141.12385654036737
141.14368512987505
141.22702521354537
141.24994785508235
141.25340942825432
141.25381618133608
141.26795676239328
141.28776793528775
141.29149847609028
141.29373236202827
141.31640202711995
141.39244355884242
141.45027975506986
141.4534865125893
141.45886212100524
141.49521572039285
141.50993419513108
141.53937119327065
141.6112414443322
141.63481872230665
141.63535778320616
141.66045256783863
141.70105391124002
141.7409258763955
141.7689392525418
141.78364995065664
141.78369713353277
141.83054076676004
141.86322280000132
141.95116433583843
141.9829554208276
141.99895303068737
142.05086040687144
142.13306169769828
142.16864877151153
142.16937668398418
142.17213749761905
142.17555655243072
142.34462766218115
142.36159996792188
142.40737779755122
142.4300557036598
142.43031577541328
142.43162347134103
142.44460731284312
142.5677602195322
142.61046045906144
142.64083577146909
142.65442502421715
142.66035865763834
142.66738761905015
142.7428465103366
142.76470385825718
142.77001475837383
142.80990171870613
142.8321504419514
142.84160527516676
142.85473576969864
142.86004969950582
142.91757088231972
142.93688177479157
142.9628800265436
142.98628578941882
143.00701926108573
143.03507639692077
143.04661937103631
143.05058858384237
143.0754622416661
143.07910582008768
143.08839300920445
143.11948294043162
143.12458366649372
143.2836218539265
143.2940453765292
143.32119180075904
143.33134303546757
143.3574554972669
143.3661611033637
143.3783016917063
143.38756631974928
143.39216968384451
143.39632939445391
143.40020895505432
143.4003039226049
143.4076364125339
143.4288343785275
143.49309525344745
143.51701486622275
143.53168465534782
143.57742787013
143.65424452969296
143.65949478948517
143.70073906500792
143.74412728757346
143.7603199554969
143.78915597722727
143.79703580565138
143.83981181410456
143.84589477543318
143.85919675210664
143.87956664439966
143.9209943111536
143.95508214493955
143.9774672022086
143.98103625671732
144.05456669066302
144.06779391669832
144.14438961405074
144.17498984204315
144.1982571348123
144.21996595674722
144.2226706095253
144.25844326186274
144.26239186363054
144.32365870850052
144.32734111383076
144.32850447159504
144.36681293768834
144.42833593454998
144.47031803081808
144.47866827768746
144.50779328696152
144.57950174296963
144.58518518618655
144.68857832814683
144.7137530005983
144.74365303255604
144.7609667085274
144.78390829857778
144.79803530645327
144.80879901799375
144.8379448990956
144.85057958130207
144.93837607248844
144.94522337553914
145.10428178394966
145.10428178394966
145.12852917964761
145.13189916449807
145.13525503856977
145.14574405898944
145.14595818296797
145.16335257513603
145.18487256822743
145.29356923675624
145.30117567758614
145.31592539993326
145.35201292588025
145.38790867639727
145.4465919319521
145.47825591220231
145.48751888534204
145.57698137097714
145.5911844224882
145.6595771992178
145.6595771992178
145.66030860516355
145.67750773095125
145.68046092678188
145.69778188487598
145.72467642103376
145.7421518150162
145.7516305921624
145.757612895493
145.78212931707705
145.79928274349427
145.82987140493836
145.8661143949401
145.89685464469275
146.02287330410624
146.02334132166834
146.03384901973305
146.15856719596377
146.17643079833687
146.2395759708412
146.2502233234192
146.26182177330216
146.28756058816788
146.316112066411
146.3435595504113
146.36100454725081
146.36764928994572
146.42051848288256
146.43951548442325
146.46016720511813
146.46637049882654
146.4695842382949
146.5255478040409
146.56753346708103
146.57432842482712
146.58163397505254
146.6150510389053
146.6768353289998
146.67925778719578
146.69233078421598
146.76692023352115
146.78993156627504
146.8014417985162
146.84741827311456
146.8686211900085
146.93691013056525
146.96196734333665
146.97056121690022
146.98008768236025
147.02004468450363
147.02346862116215
147.06375313688875
147.0736965273804
147.0815575825415
147.1539884971152
147.1616003032397
147.22991497956178
147.2723556397545
147.2856532368501
147.31121441782878
147.32200838256526
147.38680091614472
147.4330416381024
147.50397346044704
147.50977296108172
147.5424047576387
147.58583038830812
147.62565765446905
147.6677479019357
147.7357005638443
147.74478664266496
147.83099572332893
147.8325111970541
147.91427818591043
147.91602166266404
147.95159710695958
147.9615825185582
147.99198630240633
148.0698017857643
148.08915122995992
148.0915673196768
148.1321221873124
148.14983194406653
148.19602009709092
148.27472555202226
148.3126152481191
148.33098684291906
148.52132396995717
148.52382454036064
148.5329770196995
148.5471514345627
148.5509940648584
148.5795609189745
148.5873657114633
148.7279545742155
148.79463496482393
148.8135171694781
148.82260934241927
148.87791608278536
148.8819790597079
148.8843368562828
148.89129765970358
148.96043859542792
148.96487253813495
149.02695979209986
149.10264527516648
149.12768477073976
149.1297711267635
149.2319735946629
149.2319735946629
149.31569105029402
149.36169101311182
149.37068359788736
149.41889981515249
149.43452773955693
149.48154840867662
149.48489931962848
149.5655922946095
149.5849629653187
149.59403842816943
149.66254106835612
149.7269736831754
149.7436078690832
149.76625002004778
149.82499171990037
149.84225283339916
149.86399971317067
149.869788902581
149.87785293074955
149.92820490511005
149.930328750715
149.9744335861186
149.99524839835553
149.99525813963314
150.0624922593175
150.10993648340377
150.11467741582274
150.11914416695964
150.16833272700825
150.17408204451314
150.1977470703235
150.23866671564113
150.255725325903
150.38149185560914
150.3923225112564
150.39254123385064
150.3933412582164
150.39381125662914
150.39588193618744
150.42886448461277
150.46696046303813
150.47842678537972
150.55223572159855
150.567003628634
150.6096132771231
150.62280698447282
150.62645198299472
150.63369965199405
150.66882652997242
150.67324361549367
150.67557522659575
150.73674213014175
150.74591890670655
150.7719778622229
150.8045318185305
150.8699500207922
150.96010874284056
150.9653662416544
151.01109913371684
151.03193653067282
151.03913335490927
151.06648619837028
151.13108469257074
151.1353306377659
151.17580031883554
151.20114331394538
151.22635947326432
151.2697481031948
151.2901357673305
151.32020723157177
151.34173308510753
151.35985224417252
151.4106676105808
151.4384786115224
151.44748804538915
151.4700058466874
151.58498312650016
151.62284140359475
151.6551074377825
151.66367849905419
151.73053009072518
151.76194341239142
151.79568123452418
151.8336078186024
151.8772040272194
151.96941028015996
152.002774220532
152.00425741256458
152.03565741517355
152.05733743107214
152.09790836803595
152.16432305752738
152.25779799954788
152.2621497685555
152.27297400405118
152.3839940534886
152.3839940534886
152.404767870505
152.43487699008367
152.4383008524675
152.44619173813496
152.48593694078954
152.4951011652787
152.5009658463756
152.58234542270685
152.60530137452267
152.63909833029098
152.76396797442823
152.7865080611262
152.8589934436615
152.86367390125696
152.9412544887973
152.98939914543487
153.00177742963217
153.03979612883927
153.0936813677764
153.14855835339947
153.23949585551418
153.39694287726073
153.41889998702584
153.43943372393073
153.44472898746793
153.51701715616727
153.517598800023
153.54465670355117
153.5543163822776
153.56832919256073
153.59107382002816
153.60219779144907
153.65704952345754
153.6902937390942
153.73504886871854
153.73939382871032
153.83914662696918
153.88874401629857
153.8917294060971
153.9675456978785
153.97031731709106
153.97157946941766
153.97244070096434
153.98233818665145
154.0118545381596
154.03363430354403
154.0336775705811
154.0540839730374
154.08912663676685
154.13844264041344
154.1542878695467
154.1718448303017
154.1903249366677
154.20273710855665
154.23090097151928
154.2544619871944
154.29237453678383
154.31216199174168
154.33462213013004
154.417258901838
154.41749679410705
154.44513608400337
154.45103998212517
154.50670109297926
154.51541228494864
154.54226067036478
154.54414405767707
154.59040987818182
154.62141590753728
154.63988194906383
154.6794492047841
154.77528124517144
154.77904462907918
154.79869478857088
154.8149037346867
154.82523618649316
154.8446718107252
154.9269241486581
154.95183550593495
154.9597804618323
155.0204127372975
155.0568815265621
155.1436699214503
155.1611117362251
155.2120088760902
155.22625640533138
155.27234994295662
155.2803893530981
155.32391254096754
155.324369971703
155.35435016437714
155.42979805234967
155.49391290346614
155.49992457137793
155.51206442781535
155.53351452757576
155.5726502440441
155.5743981301556
155.61655160453677
155.65067739110833
155.73389520964187
155.7636076279308
155.76632284665232
155.7693823303736
155.8083358357658
155.83116112492598
155.84956972299992
155.89647435559098
155.8983362699435
155.95568729635292
155.99932635524368
156.0385056949681
156.03861442752907
156.12194563014552
156.12237381293258
156.1423472274266
156.16563672430843
156.16642313612735
156.17136326426547
156.21667373717196
156.2175386648461
156.23568828747347
156.2368945713827
156.24888334133757
156.26808453523356
156.30576660810146
156.31098057999773
156.3264113234189
156.34080281410047
156.37034250011834
156.3778229148277
156.37854416339167
156.39847255417516
156.4063265568723
156.4160540152537
156.4707719147381
156.48192935981024
156.51052627264932
156.55094093592177
156.57908529319965
156.58199500919278
156.6077757439151
156.63213594505004
156.65039099165233
156.6666291837691
156.67398010267735
156.6805106153832
156.70459974513017
156.72211812121665
156.7554289731785
156.75797788787858
156.81531855305897
156.85432257272825
156.88939555194037
156.8948010244499
156.95645371020842
156.96740945991664
157.01869201393995
157.02404700819216
157.04167189531307
157.04182704932424
157.07981614730548
157.09796247187606
157.15549241744526
157.17065843671452
157.19397358157684
157.22429252152594
157.23326638085783
157.23775095087476
157.3138438965588
157.34606923884456
157.41124420817187
157.41983382858288
157.48561750712682
157.49990894298884
157.57924760541613
157.6010178563402
157.69664138207654
157.79187274351048
157.79187274351048
157.79575548841916
157.80212564079673
157.8143487175139
157.83184452956297
157.84527031880285
157.89037975771637
158.01231115850914
158.01758510475875
158.04399249510197
158.1348483484546
158.2229468239127
158.23059397079638
158.34292223798428
158.36521677439998
158.37133774321535
158.41563119935466
158.42824835263298
158.45870376320792
158.4599119278457
158.46155992296875
158.4644746884887
158.46684213417424
158.46794608621178
158.4832880277669
158.50021013648075
158.50928657634623
158.51462971610778
158.54114661700964
158.54669484474226
158.55667372389235
158.5884290858902
158.66231779904257
158.67289137246303
158.70553092512768
158.7395353974977
158.78888865029265
158.79288444580484
158.87301237170894
158.90763400801274
158.90763400801274
158.97568992195093
158.99832777890072
159.04288451674526
159.04330617454528
159.11559297703113
159.15474853631804
159.1584429151004
159.1929368951978
159.248919750403
159.31100486202476
159.34553421645776
159.4675940238319
159.49485576076307
159.57709079993444
159.61630577529425
159.62480441208257
159.63698827984953
159.65244676353305
159.66610663315424
159.68002107801527
159.7003157921705
159.70528119496944
159.71136508304778
159.71370779653014
159.759731142531
159.7856596675341
159.7908626800758
159.81699846200704
159.85151626043563
159.8587232174958
159.8699532928194
159.87571789562523
159.89272285421015
159.9011066960013
159.9015609795849
159.9062873158527
159.94216219231723
159.96354464648226
159.976910848909
159.97798358711785
160.03052877252435
160.04857274004584
160.1192207277487
160.18152367998852
160.1989768622863
160.238582852029
160.25132529448976
160.30704769140175
160.43230757438067
160.46437007506756
160.472171801991
160.47711832207946
160.51884031379794
160.60419113920278
160.6897323498832
160.727360104755
160.77720880853417
160.80671179073954
160.8114844918772
160.82514065199354
160.90291438932323
160.996753243693
161.01591512912648
161.02360173198426
161.02512853239634
161.04904372417303
161.0533171864287
161.0843102995292
161.12615921471183
161.2021674248883
161.24846171469753
161.252267579998
161.25327176410585
161.35749776235474
161.36226035485825
161.38355193549796
161.561352607025
161.56654257346477
161.63174988812642
161.63388597330186
161.6396845682649
161.7062702087961
161.7282619577755
161.76718164247882
161.84340459850446
161.90707933138236
161.92040166348056
161.95038511387807
162.03129533381878
162.03611946170022
162.13596100659083
162.1390624670196
162.1558115155148
162.22283824264602
162.2237719174486
162.23499111022474
162.23573507549486
162.3008338450616
162.30352886766735
162.30630970022636
162.36849742289928
162.41198989629711
162.47378862068905
162.5295397605445
162.53796068502695
162.55659826318552
162.582648581271
162.64533630613647
162.6732766628671
162.6960593145978
162.76031889729424
162.76509252442867
162.84097290653003
162.8876728487828
162.8900319616109
162.91283141386566
162.99486960298682
162.99569777519852
162.9966785830736
163.07923502123384
163.21342395656197
163.2489904113024
163.25482455888542
163.26597586165934
163.2728564829282
163.31911431833336
163.3463159889954
163.38409701631207
163.39606890662347
163.42959602438108
163.43492994632305
163.4758841317462
163.49258584420093
163.49307729179208
163.5023607425646
163.57230160942893
163.5749082064765
163.5770366867435
163.68587916036887
163.6865149943695
163.7772489004148
163.83639271469326
163.8622756314079
163.8840390727765
163.90402284981602
163.91259021328477
163.9199442239838
163.958923137928
163.97160660921108
163.9837739997723
163.99896683160185
164.02970557796078
164.11854450783989
164.12813171644768
164.13114761163408
164.1483248457705
164.17381276047223
164.17659574090231
164.18148945945316
164.1897826129807
164.22661094172545
164.2394817692576
164.2457392002147
164.25473144269884
164.29132376650767
164.30201135404153
164.34723893207163
164.37633369235448
164.38040133356415
164.4076405602559
164.4390656073566
164.4415315705235
164.45289445958605
164.4813695317069
164.52551732039183
164.55047322342187
164.64416607414006
164.69253453611256
164.70270926461095
164.724187347294
164.75090914429342
164.80122602316118
164.8861360373411
164.89651180318072
164.9189776901911
164.97875839849272
164.9793400481099
165.0493025998506
165.0566398612696
165.07433052429383
165.10043864761812
165.1237017380721
165.13104912603097
165.13437779229432
165.17885103108375
165.22453519527798
165.2525654629601
165.27320247803559
165.2957336725435
165.30197021513254
165.35555764362167
165.40059996054856
165.42216713447596
165.4258540828625
165.4633640480118
165.4724773422168
165.5065520611634
165.54471468615168
165.5655015394366
165.58977106728886
165.63039476670596
165.6338114085039
165.68473000142367
165.78714998744996
165.78714998744996
165.80124392756514
165.8325613492408
165.84892030342698
165.85249367611
165.87541461490386
165.88219101863905
165.89242411360752
165.97099700036037
166.01398933487891
166.02457750653036
166.06388733446903
166.11515233338278
166.18487131063188
166.20803709620517
166.2438852147019
166.3135973350733
166.32393558283863
166.3390346919892
166.47977022207616
166.51573756693853
166.57286425316096
166.6604713931725
166.70719617941728
166.7171272291823
166.84233884942842
166.9463222431404
166.98169075242376
166.98416314324865
167.0964570564299
167.15178881709008
167.16902922440175
167.2062128771832
167.27812679845917
167.37057046884584
167.42633769811897
167.5027572683746
167.50537409360692
167.5229404064722
167.60576406115007
167.61228115062698
167.62223131203316
167.64191550924394
167.64373129594387
167.66219029916516
167.72434583362622
167.76111014299178
167.76534994116187
167.76710648384596
167.85639380172438
167.8734312677991
167.95368986100172
167.99166366117612
168.03588382063418
168.06238681858383
168.08173410877583
168.1560223685409
168.20068222999998
168.22372551493467
168.22835872406844
168.24928042497203
168.29089587343367
168.29294856262726
168.34116858883348
168.3822147935661
168.39501257231368
168.4798381031543
168.4798381031543
168.49581349869675
168.52928163996756
168.5473874588399
168.5680221110827
168.5833472579248
168.61144079877906
168.6214466218522
168.63903839776236
168.6677365681451
168.6703635939101
168.68926209027904
168.70526026244548
168.70650832998513
168.7345585221662
168.76835767544844
168.79100159221312
168.82064644568982
168.89714459083635
168.96283909858568
168.9889486956826
169.02724070482654
169.06295080166728
169.1130021217929
169.12866749364133
169.18536347037386
169.19671874085466
169.27504321283226
169.3445127669635
169.3698196204636
169.37066717903483
169.39199368253105
169.42623683428076
169.4262706676513
169.66043004111538
169.77612913732793
169.8067095226369
169.83270797700393
169.8606442584428
169.877920334702
169.87897497208994
169.9004549507687
169.91836184363993
169.92129276115338
169.98763066738374
169.9981536545741
170.00181131744407
170.0376814104054
170.0520517918872
170.09718396378796
170.10276768613807
170.11578094289493
170.13675188236863
170.23845215653313
170.2912225072234
170.29543572028092
170.3361432727549
170.33899859636253
170.36265649598673
170.37847005541715
170.39674478231143
170.40752755453627
170.44352223875296
170.48720602519518
170.50887153145786
170.52332133312242
170.54071594843202
170.721941781025
170.77187869167216
170.7854351065588
170.79357265503418
170.8836305178266
170.8906038594357
170.9167197332293
170.92231054866707
170.99903126966956
171.0272759809854
171.05450808808308
171.05943644653055
171.13006618628728
171.18479294051016
171.20629789379169
171.25209685490282
171.25608433624993
171.25688529291557
171.28944015277744
171.29465680118554
171.30356690906865
171.32775581237226
171.33331903871039
171.3336280098701
171.4034108154158
171.42858107470565
171.49599990016083
171.49707333382614
171.5015862041254
171.50528272660333
171.52965571221637
171.5989838026047
171.60075699214426
171.61220928045663
171.6210039018915
171.6854019091904
171.71488593362605
171.7341589720233
171.7385299563746
171.77837379106097
171.78985759447315
171.79271257036066
171.80265667294552
171.8478505757468
171.9011661395113
171.95300577532728
172.00984691709104
172.11733595573963
172.14117428012375
172.21599279943052
172.2720249769906
172.29583392356082
172.35012817922447
172.38836649951034
172.40551379188204
172.4660809645564
172.4729173999581
172.47514999059325
172.53956144670383
172.5779179669068
172.57975048304303
172.60579472846987
172.61731477405246
172.7725654952612
172.78134635072823
172.81433235600343
172.8271354843207
172.8325110298345
172.84320913050018
172.88620828469203
172.89157358525927
172.92898210565468
172.97322584837178
173.0212400963167
173.04255903819904
173.06950352502108
173.0787055477576
173.12137229270968
173.23543171039992
173.24035641992685
173.2613486140582
173.35596938695807
173.36866379004547
173.40050947899218
173.50941933930343
173.55846503425585
173.6516401250296
173.65246375873465
173.6744821721721
173.6805835349965
173.7071809458812
173.72189544364016
173.76701132708757
173.78961187676984
173.8419161104956
173.86655555251284
173.89565440661167
173.9326622737871
173.96945290008844
174.02475274836772
174.06040795660545
174.06941259533602
174.08394800184445
174.15965254555633
174.20120236674796
174.28216331686045
174.37401976886
174.3767845905375
174.40468374711705
174.42968306166608
174.43089876404593
174.437164242711
174.5199185502112
174.52157784946732
174.54866533430078
174.55089007267793
174.5666922087953
174.6522839953982
174.69814158743938
174.7085674278508
174.73806282569205
174.78406250686183
174.78619955282886
174.78889326860815
174.81018681314555
174.81085286517873
174.85311546356684
174.8694361247856
174.96876017418558
175.02209555547375
175.052396398069
175.0719163334061
175.0803005246019
175.0879602186547
