0.0
0.27953815693479356
0.46123975247649457
1.1950760849784785
1.3096564144877874
1.9024782472594108
2.025068800816841
2.4037107596592797
2.691792472234709
2.7352011099432643
2.9104423538986266
2.9305430323789916
2.9893739096925698
3.142183201762647
3.193713238825887
3.324094900809131
3.61559009625981
3.61559009625981
3.7944787797250474
4.251825532374711
4.320546274567418
4.336061642572624
4.4083283746597965
4.538349595768349
4.651451099091566
4.684166461027304
4.697960819421965
4.839741833507446
4.9577188579145846
5.011802520929704
5.148138061185888
5.165963197156865
5.167638076285908
5.267329534705188
5.328848616053479
5.450472373316923
5.71507894658265
6.3519835907565225
6.3519835907565225
6.969507980331639
7.038038029077164
7.093442345668557
7.3067174231656065
7.393464081626702
7.602862492875879
7.617682454343849
7.747827215447641
7.761250281979306
8.146169975718307
8.174357704860448
8.267665664733729
8.332593720186981
8.496061568390974
8.496061568390974
8.678319841389802
8.82468144845251
8.883501873719277
9.269804733460813
9.294025795417054
9.412320480092182
9.45445136158063
9.533812817320719
9.533812817320719
9.535617751070228
9.66175755809626
9.66752458753044
9.783137166457394
9.93901853226467
10.30192929706132
10.34354630200596
10.487378198454971
10.65306390621803
10.67426900946386
10.70226954381583
10.924890321955488
11.165942222893191
11.554990207555896
11.661942517051678
11.722561927339411
11.946684611055439
12.002684343814002
12.033641505277451
12.07839276305798
12.138701114542938
12.23002733175956
12.641586174682114
12.780594500463145
12.783263797462933
12.866546720738969
12.995181233011811
13.408399231594087
13.581521717891627
14.180669424545727
14.226608252076902
14.253051234879255
14.280271887077335
14.400556808464877
14.794430304403619
14.829180749297704
14.869178655070419
14.914874006533742
14.9167906296405
15.07139188696428
15.07139188696428
15.082389105418574
15.227242014866793
15.326063838637877
15.440702926589587
15.52543785154167
16.052121061695114
16.20341711444644
16.20341711444644
16.37581422977329
16.37581422977329
16.452456349894227
16.704233890180276
16.77075504076642
16.939224304654743
17.03071640350054
17.034704617979404
17.19201934910253
17.391518672253397
17.702017539550823
17.70241244105905
17.74111695856515
17.955067428201247
18.08886080335845
18.363162846634342
18.46259593793888
18.64682902284192
18.78730879788972
18.8197223983828
18.96478631022939
19.312533614951224
19.436088280187192
19.481741833659857
19.490134152030745
19.758174611667915
19.812753910400605
19.965390773446995
19.965390773446995
20.10318836132628
20.5143480374543
20.54540550556448
20.64444483437332
20.694395297265135
21.053765733391327
21.374433468398294
21.447201399602328
21.447933617780798
21.53643847772551
21.87553025022321
22.14409492006423
22.288437153189754
22.288437153189754
22.357975799778846
22.667032320023235
22.693184923288182
22.71535617119092
22.982018680688878
23.050106558202152
23.291279537701662
23.291279537701662
23.392891890506245
23.578711500788927
23.65622116644106
23.72705444031711
24.2493117476656
24.651759889141427
24.68815148341598
24.74943512356729
24.903794811264238
25.063013960012377
25.174371732505033
25.34688961692825
25.37478961154037
25.47482911927636
25.851981162927363
25.869547922619947
26.007336025664383
26.24449668498138
26.417520678903173
26.570482925340094
26.667275721771787
26.68443347921854
26.73976601973754
27.042997821312014
27.115620713830584
27.115620713830584
27.118524580685847
27.186702154370295
27.305652094017194
27.433710633993876
27.542563841762675
28.15943550360239
28.237730887299534
28.54801249193399
28.69477484473936
28.744284034458186
28.748579891300917
29.115131553044165
29.129471961753097
29.258660589814795
29.474675834517285
29.484216351590323
29.756633419643677
30.25007733853765
30.274426523115572
30.424099124841202
30.907914413569955
30.919319345159863
30.9314485070827
30.9697279095741
31.061562616050125
31.445384585780392
31.686097888058647
31.686097888058647
31.966438655974063
31.966438655974063
32.33477655659382
32.49497603040183
32.49497603040183
32.693120941893085
32.75914670340887
33.396991767069615
33.6239323609098
33.63312504128272
33.84677599192814
34.65821089528564
34.65821089528564
34.68456866352722
35.124584222221785
35.22148384538354
35.25401013806557
35.328171818938905
35.39426530650696
36.2148773378976
36.2148773378976
36.51481780779963
36.54795091101293
36.7399323313878
36.7399323313878
36.98184446939557
37.021221248940826
37.100045722435674
37.22883339222462
37.392858009668274
37.520979375607
37.58243838049995
37.76010662389768
37.85217001588344
37.8819142868064
38.069777170053094
38.32375824167211
38.40219908294113
38.40219908294113
38.57114270800395
39.14948010492132
39.14948010492132
39.271991763712855
39.52356065114286
39.73702429271797
39.73702429271797
39.83083335034591
39.884580951573795
40.042439961670816
40.28517008297089
40.28517008297089
40.3950739911263
41.15199783919972
41.303357978075
41.342099428668604
41.45119060073256
41.6986836563089
41.74025379080858
41.88672674706429
41.88672674706429
42.110190909524924
42.110190909524924
42.208274416590896
42.24656768993516
42.264183113148256
42.29634148146202
42.296595500131545
42.306264530432976
42.4096645719032
42.45954656030598
42.46614835263494
42.78885341181207
42.90938456201084
42.91090582620063
43.048556490823884
43.41043763467117
44.253878405493204
44.508744690597084
44.950041887438196
45.010789330845604
45.01415389832293
45.084011787468135
45.11865486669121
45.93379226045435
45.93379226045435
46.03235936285994
46.08512673980208
46.187466745586036
46.76779632953672
46.835695648125544
46.88269689773272
46.92780828312396
46.968250733186515
47.047425929831775
47.04966936097018
47.45741403673574
47.45741403673574
47.506836911729366
47.94493681082804
48.43870592448872
48.93420633046096
48.93420633046096
49.01077805349526
49.28316834260343
49.464360194844694
49.77637518714524
49.944721138443384
50.09871852778612
50.433170912398936
50.49262360199511
50.503227904159814
50.628343359238045
50.64673557822967
50.705538865885615
50.80072902784771
50.80072902784771
50.88707652826879
50.9556197798311
51.072059436085965
51.262601747427816
51.262601747427816
51.54394266245327
51.68132941807218
52.16579202058167
52.1922216468183
52.23937877446109
52.46840584258343
52.98701900659209
53.02372210874377
53.03342146825426
53.26973711532097
53.398623502166515
53.7203887204325
53.817090097134
53.898478814886474
54.288435985289574
54.40571582877083
54.470642866915924
54.47757044872421
54.49991949067898
54.53426715043836
54.535830099276296
54.55642701295538
54.56959312020716
54.695222317385436
55.308030618642434
55.491940313065285
55.857432768574704
55.89072851820233
55.9985480465681
56.12238893920531
56.3735246788141
56.555163474693714
56.713054318280605
56.92447830113209
57.02142244886353
57.024740384057274
57.19989934036975
57.578452675801636
57.578452675801636
57.59606065118946
58.0277193333504
58.07631896995909
58.168255940617016
58.168255940617016
58.21212015649792
58.277937410460304
58.51034808121996
58.51034808121996
59.061008891624965
59.061008891624965
59.14749812551003
59.46000092866183
59.53640378206694
59.91107755798778
60.23292347822477
60.401473886303826
60.8325482305263
60.84081614220206
61.43739139700608
61.50522244948688
61.55235581208419
61.6519891679276
61.76874739147522
61.961782400409234
61.982412080810995
62.121492968698995
62.121492968698995
62.30669001280224
62.40242294182418
62.5301500734676
62.85705624578654
63.146362300200025
63.41443805168403
63.41443805168403
63.41595550733857
63.45216124568794
63.720584101443905
63.720584101443905
63.95863011178503
64.17076191699063
64.29855692291645
64.48513906712066
65.05985996265868
65.2486869456209
65.41713991874764
65.50152589740162
65.67888334883516
65.67888334883516
65.73001026336259
65.92023376124422
65.92023376124422
66.05785559544223
66.08351883771115
66.12933579994194
66.17352585578121
66.5314861525908
66.5314861525908
66.65011024779054
66.83715191418685
66.84090885291693
66.86412407696731
67.01337684176927
67.05092154155062
67.77795960312883
67.84267147473754
67.86516569524223
67.89573595602162
67.96168073466363
68.37505482148048
68.42577060473387
68.79144654889242
69.42209703900207
69.50323706369853
69.61449261140727
69.67053515418884
69.70686938484877
69.76345530496636
69.84681818202468
69.9728829615371
69.99005373959496
70.52135553222791
70.52135553222791
71.23111754463234
71.25190575335125
71.45651607517071
71.45651607517071
71.58800296102899
72.34292137136592
72.40742136362523
72.56690578484563
72.58892053293387
72.64407069828344
72.76528366535598
72.85306003387291
72.88817777419969
72.95449523413792
73.01197112083409
73.09003680112677
73.09003680112677
73.09553430958776
73.11107986236804
73.13360010871213
73.32199654275166
73.3285314435462
73.33546090724049
73.44875658347173
73.88682079813574
73.9673720160294
74.41107360955618
74.48597007232118
74.55642428210021
74.78591962584383
74.81024169184796
75.02287576026298
75.139388964424
75.16154335310227
75.29662595826821
75.55569869672081
75.65394368828402
76.01333220958819
76.03159712994581
76.09052564459618
76.41902084187379
76.46136885430724
76.71922052554478
76.9640524296322
77.15899698385857
77.15899698385857
77.68122442493186
78.04066818872782
78.3369228292979
78.44445066622687
78.60519001612256
78.74550436968352
78.7677124440072
79.66929879916353
79.68580155423038
79.71793556647211
79.84779985634677
80.12370679057821
80.35973146830712
80.35973146830712
80.4142939617772
80.48442226943556
80.52879570895486
80.60365521519803
80.7604229022867
80.7604229022867
80.77944702008882
81.04418761598353
81.04418761598353
81.15675059326229
81.23789450951526
81.7186274222172
82.07678016839901
82.46030734106002
82.49097063387269
82.75574772973201
82.82190973507939
82.88141267220541
82.89526592042158
82.98889223190206
83.0639082680424
83.07333829518427
83.50681951645021
83.83034658161618
83.84508505943171
84.15650702646307
84.17122294598099
84.70994280246994
84.90825445360834
84.90825445360834
85.01885852436577
85.11394639363287
85.12506875386374
85.17856265798325
85.30414225537112
85.58089950927985
85.78105512454225
85.8090609801288
85.98218535297461
86.29705697998251
86.29705697998251
86.33199503799214
86.35610421442998
86.4300937859838
86.75578042096191
86.75578042096191
86.91576955486192
87.11222165547335
87.11681677793794
87.36665268914379
87.36665268914379
87.80121623523289
87.89056266828796
88.00618226416614
88.40823624860855
88.64832801642316
88.8598089500763
88.9408331988994
89.04820168571092
89.04820168571092
89.20117960145147
89.30505563079682
89.30505563079682
89.50874660195052
89.5737254371253
89.79529609614933
89.79529609614933
89.83662471843742
90.20555600183188
90.3674199327253
90.43118602821484
90.5968032658254
90.91968888559
90.91968888559
90.96704501578758
91.2596689330158
91.2596689330158
91.45492911668771
91.47423668852112
92.01096173691236
92.01096173691236
92.01783754662917
92.02433851157583
92.11082218189311
92.30802135849434
92.38164250139391
92.39492341389949
92.47789026042881
92.5982982692002
92.6900556072505
92.93555407408314
93.027368206781
93.17273271996095
93.25884319828049
93.4244231822273
93.4244231822273
93.80512490002292
93.90413573959763
94.03405942201147
94.0480914467584
94.60262095736051
94.6706918024147
94.71059681912551
94.78744372713287
94.98216051797183
95.03866091387552
95.29437321942271
95.31760511179577
95.33170839198188
95.55641669132419
95.69081364677112
95.72883719589389
95.93807431368451
96.3505971612672
96.55760830813226
96.55760830813226
96.91535340009442
96.96309290289528
97.01492149834901
97.26515112713712
97.41142795507756
97.50708942762381
97.62705501006235
97.62705501006235
97.65275386940677
98.06455572893904
98.09678358939819
98.2649165386262
98.3270448050057
98.70911892168776
98.87658761068822
99.08643711532054
99.1463540922292
99.25645817515037
99.30870024500545
99.76527028962585
100.02168817501563
100.09330550447918
100.66918277057425
100.71937351573666
100.74062945947905
100.7831140115949
100.8166876469343
100.92802655112911
101.18828859785901
101.37125112568376
101.64612369371567
101.86272917245053
101.920308090354
102.02253808737197
102.18023538890841
102.468903888236
102.47903272663922
102.83190407478779
102.85931087706116
103.10176437257235
103.29030121734992
103.29030121734992
103.29772617263048
103.34907776244764
103.4293312779109
103.58888425323705
103.71649161270491
104.1717927613413
104.1717927613413
104.24099890402135
104.38141475616854
104.74221095681003
104.92734583238662
105.07720420956267
105.39161188031221
105.64886725723366
106.10360585645707
106.10360585645707
106.13068116447435
106.16477051505932
106.17959226189491
106.42662467326885
106.52063151410897
106.52063151410897
106.5463768180922
106.66958525003152
106.66958525003152
106.78685525006144
106.78685525006144
106.81911539647287
107.00404768774847
107.16347560854702
107.25608187827972
107.35376219233164
107.88790912964278
107.88790912964278
107.921621854662
107.96367099535108
108.05058871834613
108.05380529073696
108.26897594420461
108.41194536255333
108.41194536255333
108.74790777619576
108.81105044845862
108.83425172240564
109.01420872601761
109.10795285346117
109.14041131043695
109.30241808295507
109.83411571055949
110.0268332028538
110.0268332028538
110.23544094289561
110.23544094289561
110.5705606094389
110.58591218210643
110.67557014047189
111.08301783486965
111.09632975127373
111.65234546717326
112.14342368628435
112.42168588525435
112.77708529270015
112.77912686165422
112.78848591140557
112.84364345589248
112.86132457990938
113.01233184780301
113.2161292253833
113.30107975647888
113.34686364810375
113.9018615342614
114.26478049447984
114.51903477562729
114.7471786660528
115.091550900963
115.17997333146405
115.44782435920612
115.77876019135779
115.77876019135779
115.80659304317518
116.01459744586471
116.0891438627415
116.17898142599726
116.17898142599726
116.25791463388153
116.42340317534934
116.42340317534934
116.80699734755582
116.8611391393842
116.88115276292575
116.88580758790795
116.91296874567415
117.48718050817686
117.96961465512419
118.14676272763137
118.36549164423536
118.54791987855862
118.69263346344948
118.706109594553
118.74067516505552
119.39177770596947
119.65208409992114
119.7039908484365
120.00645766684593
120.02495451329979
120.410159258975
120.55863454238253
120.59863928093567
120.64740320005686
120.87741590531036
121.07308437588546
121.07308437588546
121.25860726229901
121.35751535717398
121.46039930986706
121.67351839964503
121.67351839964503
121.96808370912065
122.1710688105474
122.2987197378789
122.2987197378789
122.41189343948353
122.41189343948353
122.64649537240489
122.71531636526528
123.08756059162346
123.1590792032339
123.16524862400914
123.20886053452725
123.32348754208917
123.5337460509182
123.53670435861565
123.53824983584252
123.82287761048222
123.82499785433615
123.82569577185579
123.86467536566926
124.17433252232873
124.45838643427759
124.64826883467761
124.88169387767749
124.96370530467921
125.08172248095967
125.27544523763366
125.27730996271734
125.47011080514183
125.63130375520655
125.7241270876631
125.75682048426111
125.80065642410638
126.02041869661485
126.50945460222634
126.55366861771991
126.97062359759397
127.25335579060273
127.26053903977188
127.31768370432037
127.34147557933056
127.39379086068709
127.64974862031318
127.64974862031318
127.76126089945991
127.96307939549399
128.20638042550704
128.25350467270485
128.28580073192128
128.37485863838688
128.37485863838688
128.44157022608087
128.63598975230164
129.24279176957322
130.18721010273677
130.18721010273677
130.40758048469192
130.53343567973425
130.6286303724059
131.07539780176018
131.07539780176018
131.20276740002498
131.48941654476332
131.48941654476332
131.94743354930617
132.10779911005852
132.29327532292413
132.29327532292413
133.02933226729945
133.0621952479497
133.090940542554
133.16854764830086
133.81351556886577
134.11998717099814
134.5537069740315
134.6298156244066
134.67168112778893
134.75203772761347
134.8538208812381
135.0375893985129
135.0375893985129
135.107226657144
135.53464359867377
135.5349640633893
135.77389569695643
136.01456920370634
136.08081853632206
136.34872975192587
136.4207858585625
136.4207858585625
136.44716399778827
136.45079556406043
136.56219550899553
136.60284393863108
136.6635463310752
136.75947492627074
136.7897345735141
137.2910398961009
137.34213154580468
137.67091928026153
137.71951501179583
137.93127867316053
138.02068208254823
138.0948673131752
138.15409470433184
138.28726799935887
138.28726799935887
138.3096759895768
138.67137099343185
139.05928154358196
139.05928154358196
139.18714804029167
139.20904037277913
139.21968426582245
139.3372841946524
139.8806661199837
139.9633089981408
140.02795447996607
140.37941056105402
140.44675526656965
140.49692538514705
140.75227369834164
140.7970907301067
140.82704265326302
140.91966948422808
141.05066180173557
141.11708580226474
141.2260836309106
141.27281150792126
141.41599208389508
141.56027618653732
141.62522079786476
141.9056146707878
142.3149732778202
142.81402085020733
143.13093599842574
143.37119901128088
143.42894267749824
143.56572419479957
143.77604375089902
143.79203661005369
144.03367089762452
144.2109420016961
144.44876232552133
144.44876232552133
144.53152247067908
144.60324104113312
144.79289836254424
144.79289836254424
144.83745064833553
144.94485189372404
145.24354404491586
145.24354404491586
145.25445892056652
145.50469117300665
145.7621456017439
145.7661449427789
145.8535001824069
146.00107500649418
146.15257261900803
146.67024606112028
147.45827277487922
147.50129124079325
147.9866300967405
147.9866300967405
148.0995538834819
148.49514533974553
148.5444208353047
148.5817935272045
148.62210727062913
148.8044506764466
148.8044506764466
148.90923403289952
149.1283745223392
149.1283745223392
149.20523875039828
149.34576939398332
149.4080889538228
149.5527890999908
149.70338822016217
149.70338822016217
149.71965696146594
149.7787391697924
149.94884813420015
149.9800683592583
150.19244272956274
150.47066345797143
150.53088372295133
150.61469672692058
150.70789120338654
150.74515188325668
150.9638328071477
151.2017382766238
151.4168603820561
151.5605525257659
151.6058775924381
151.63117714024955
151.96024382000047
151.96024382000047
151.98662815085888
152.56883007264793
152.56883007264793
152.6460899867896
152.76729318411824
152.99905942910593
152.99905942910593
153.0843128868086
153.25841919196876
153.46602582463387
153.52733777962132
154.0668964811887
154.37836487784924
154.48767264600025
154.98829329980515
155.44708008276135
155.48793367517993
155.51908931348322
155.60351854131846
155.78428743103822
155.93794044185486
155.97052133603967
156.00728675182552
156.17529195463456
156.17529195463456
156.2467597215975
156.43303177667778
156.49149357231548
156.5728160654924
156.75248268305666
156.7912206674736
157.1579024555707
157.78461477233557
158.12395367725819
158.1287953970212
158.1612930406661
158.26805584793848
158.29842295042366
158.70356963213553
158.9800206750606
159.20868048594335
159.24077666665164
159.28634373393004
159.29149254495854
159.60285562450835
159.611212307307
159.93075834720258
159.93075834720258
160.05422442601846
160.18782968451404
160.33234555122058
160.3624410753813
160.41972421919132
160.45227554823552
160.5770113352547
160.78715573164217
160.78715573164217
160.84606076369766
161.22014494642633
161.2648234051098
161.4272257918755
161.57744591042925
161.7023762028077
161.86308350219386
161.9512489728897
161.95469616601352
161.96455449199308
162.0666333174603
162.08639505475935
162.21477531684096
162.43947375331845
162.71230905929173
162.71579430047967
162.80166022692777
162.8315384458174
162.84761420502528
163.64014221667313
163.9360222340743
163.96966070233256
164.1676794080665
164.44134739862028
164.46123413680888
165.1766485014709
165.20862197444035
165.385272908905
165.73403982945217
165.80391143296373
165.8618903781568
165.9104650674725
165.9248705983027
166.17977833684364
166.17977833684364
166.36578274665857
166.46252194350575
166.46252194350575
166.78298946146194
166.91775664510587
166.91775664510587
167.3986985991198
167.608260818075
168.1525609415796
168.28835327724042
168.6582400692563
169.02168541408977
169.10771131791256
169.11268544620978
169.44897549194502
169.85086571420052
170.05416778010616
170.07742968198616
170.1785050318117
170.46209830641672
170.46209830641672
170.57900714857058
170.60517290952347
170.6358190372551
171.05419681740997
171.1697469718281
171.42046367022525
171.57799860876185
171.849977794388
171.9537193666952
172.0583327385973
172.1006239403947
172.16657430103817
172.26927266733742
172.40363066616231
172.49291204259347
172.63997247957457
172.641436297608
172.76240860649744
173.1592393777208
173.6162571398474
173.76903967682793
173.76903967682793
173.9061671007396
173.9061671007396
173.9798588698575
174.13757218116226
174.17386678925612
174.42680409296744
174.54797280846054
174.63985582892997
174.93998223733564
175.43511199847038
175.6926325554173
175.76097358365809
175.76171795463227
176.4464075054117
177.00870019292432
177.00870019292432
177.05522669649903
177.14452550317813
177.16886939278314
177.29724453570466
177.62375296874515
177.6331275787802
177.76794884821328
177.76794884821328
177.940750351969
177.940750351969
178.20960898856535
178.20960898856535
178.45647137850534
178.45647137850534
178.4907727073976
178.79064878738942
178.8091356950665
178.95416361449315
179.01812831277093
179.07404468861347
179.18867012831618
179.70766966432373
180.02369405653
180.27458628267786
180.37493945166318
180.8592069633566
180.9124052475179
181.06947730250656
181.06947730250656
181.23029408644737
181.4126237776148
181.55654537431138
181.89155323771968
182.43633342233935
182.54013009310955
182.79345841434326
182.98477774910089
183.2067113150782
183.36248523141631
183.36248523141631
183.5039220863608
183.59043616038298
183.76796230548138
183.78684521991988
183.80558187539444
184.12335893185045
184.2304146120221
184.6642595407411
184.70963329058793
184.82505113475224
185.28181466798895
185.58787979082868
185.67236620202797
185.8172796656154
185.88253154946295
186.13187532611272
186.27853364047965
186.27853364047965
187.0914740641781
187.2292026044052
187.5063734826124
187.60121301884703
187.76496051512717
187.83368888899636
188.19706299874468
188.5265838325367
188.53569858134213
188.5401626746725
188.69400705030407
188.69400705030407
188.78635313484844
189.41292347255273
189.42882258456424
189.5951742589938
189.5951742589938
189.69505246421593
189.8033648698826
189.87410801004074
189.87410801004074
190.16329018567203
190.1856655142471
190.39847316019475
190.39847316019475
190.46813251030773
190.57713279999513
190.57713279999513
190.8911041886725
191.1806904161434
191.18652529437918
191.2192601428962
191.38753429275607
191.4263535998934
191.62817225619682
191.69547578990813
192.0661514129589
192.5139988093796
192.5139988093796
193.070171257551
193.2344120797008
193.3542611663733
193.42811426373385
193.76339379193033
193.9317203967843
194.00143175245057
194.1135990426161
194.2661470810933
194.2661470810933
194.3829074096901
194.60174544408085
194.6327219808854
194.71064840104043
194.88020076300475
195.1038989143557
195.20887209109375
195.39630518174715
195.46837538329132
195.66023628077332
195.66023628077332
195.66760610233234
195.67461801819684
195.70680527131043
195.72502858897093
195.7617150063166
195.94169682218507
196.10194611001225
196.4573777701583
197.12946715508426
197.18480983296817
197.74432622041644
197.85829042950067
198.162642318687
198.43170442404573
198.454453251203
198.69216323389514
198.90519894632715
198.90519894632715
199.14732250790746
199.14732250790746
199.42575776785398
199.42575776785398
200.09802871171507
200.09802871171507
200.1670619979831
200.20145823630148
200.62957572741655
200.63669623861733
200.7828902744365
200.7828902744365
200.87830711169124
201.07403746271353
201.07855792952986
201.3596362568213
201.64735666465205
201.9543364505706
202.11504003387952
202.1714539380147
202.2449155070552
202.2952929103784
202.63564356340729
202.84328164844962
202.98127798706446
203.06404426428682
203.2954489062938
203.52215661585515
203.52215661585515
203.63866793791078
203.9633935505175
204.00672700855253
204.3109857370003
204.38959562428343
204.46520635525542
204.81686716527798
205.0192645480894
205.0302186841228
