0.1023234008334359
0.35711700848760863
0.008148936237781583
0.06946075846413459
0.049724544807854924
0.028850834731731907
0.013646536978486936
0.028560922199409467
0.15089975464686659
0.07442722338143697
0.017078854494285846
0.005326041938131167
0.019700821643461902
0.03209769366830776
0.10734863475373743
0.010224473677335756
0.11002228081721335
0.010945066393933544
0.0750089673678196
0.043378361893446835
0.005591530197581074
0.013703265300949254
0.024371628961832675
0.26053110022783943
0.0349362873323052
0.04107539088078362
0.037323670773911896
0.004307713621553837
0.0382609021073893
0.063671792419368
0.10887918673774037
0.01664271424374483
0.05872352386353018
0.009401416523028155
0.04280635835385533
0.0024226481770259645
0.01174079712090127
0.003989435570135343
0.022560709691507034
0.029206761814649297
0.023579669897278246
0.027498840930351053
0.0021486627337787127
0.040654150866050516
0.03617365210375372
0.0033043182339052876
0.044210507852382036
0.04973043408314967
0.030056063654820955
0.10938936301287075
0.07075612461075433
0.06985483324361064
0.115444656854834
0.0934774135624249
0.04159024975484273
0.05187854200342662
0.018992967988896096
0.06934395996792751
0.004934191947004774
0.004048622259518996
0.07739831881523945
8.439087571930677E-18
0.056214004798500396
0.08197028179806082
0.03840736464637558
0.0715397941484378
0.012101327152478449
0.14194321275343924
0.00979688764788143
0.03716510941077742
0.029449185941783643
0.052042601267365644
0.08022459085185633
0.06701241154872674
0.07186951126535505
0.15619376993977557
0.12493806841892494
0.08136003430353356
0.024777361467710493
0.028290001313511542
0.031394689025441014
0.04049323800856413
0.029958624575938793
0.0495857121463103
0.008192491649414838
0.1002541819505744
8.699711095095276E-4
6.618433553683746E-4
0.02980663149461927
0.1602228583176778
1.466274742994915E-17
0.05612705096265528
0.025634430885708992
0.017305215768040293
0.0152779964984172
0.0577774172472233
0.09432791537386304
0.015731545122004507
0.0051318810734015535
0.048126316189771146
0.11739550764146567
0.04928619947346695
0.038410971961320726
0.09715797722979516
0.03220929557988611
0.02218395516387312
0.003719608211713258
0.13548439230128684
0.1326163972256332
8.79071108638251E-18
0.0904081277825163
0.10324397545247678
0.06016551056492114
0.008102602442739467
0.05794070305493668
0.024516016660072828
0.016848825813106125
0.03171460255911749
0.06367072904943731
0.023432681020424746
0.008761200511118918
0.04146490591894553
0.04162210793133148
5.96977417354715E-18
6.299697296588672E-4
0.09033350561279761
3.709205638184397E-4
0.07051347218887341
0.11004248000592534
0.04833861311354795
0.00952550979632063
0.172415862511429
0.04079750635333828
0.06483486861903294
0.08225049927770975
0.0936186867768296
0.007991435496053387
0.07581693428681816
0.015972732857888996
0.0018812347099359048
0.04933500597172493
0.036881382279845644
0.08872074753454284
0.10080599249952461
0.09208899945300023
0.0791822374618658
0.034802433094531224
0.0737516914137939
0.14960760079328161
0.0685448906703691
0.07014766678336842
0.03173104842704656
0.11790544912772438
0.01562682913939696
0.005719928622100634
0.002500490135290831
0.08362112349162308
0.059964261812210554
0.0136181961292208
0.038239978555604535
0.03466109130818953
0.022084947421288047
0.11699372703136877
0.025418970049402682
0.04582955106467504
0.0746450196257028
0.04056018448851972
0.10297782704356753
0.0015995558813511359
0.022411247850800762
0.09733553774856477
0.04282092804473265
0.03488323887055833
0.026753933959201538
0.05313803376000153
0.024634036383485828
0.08003567122008551
0.009453146220513665
0.02002275548234041
0.03189370348165176
0.19092513173098521
6.465711236340994E-18
0.009981958579442179
0.003078997036098949
0.0020854694003628427
0.004606934157553131
0.03127501778020371
9.982925234829348E-4
0.014630094528770914
0.04816437554724398
0.026080044297034935
0.010826200949452325
0.04830418588187937
0.01680820513359798
0.035681818860952265
0.04241829914913273
0.01799614217727957
0.008754067364756092
0.09112599058932339
0.033125611541927336
0.023886912708739286
0.09433626946492903
0.04548810233937706
1.055125015923191E-17
0.022115424719021896
0.09214014068055965
0.024825949304972825
0.0015500906934748922
0.06722136325639042
1.791061659766686E-17
0.048248153333976876
0.07209897087667302
0.05958826123580579
0.041080774038622016
0.05062361286688557
0.0230692120896392
0.03998199416686298
0.06377815869051828
0.0016093235138277284
0.046212815445319314
0.06947757671868827
7.887058500182185E-18
0.12669289800442807
0.08062380723793343
0.05916269872652126
0.08580057287193987
0.04448547575366719
0.015167442044434418
0.037857158702309004
0.030522893783628265
0.014397811918495812
0.21015137038627063
0.040859172694424066
0.2232412545045743
0.004985770722120533
0.1275020836648369
0.026699901131270524
0.014572525830558168
0.027487684176346307
0.0032645416252311075
0.00138982626036485
0.4406918623423247
0.030764025194663217
0.020553443483758312
0.1443761407276574
0.05504116255411643
0.007847278882556465
0.03450287557747058
0.008379713198572747
0.018733365018887137
0.046111469274306295
0.019261061456135934
0.012932932327523803
0.008598325511515886
0.02866224707663304
0.04984659081862859
0.008630480521288623
0.08218621206864041
0.07027471011817052
0.057338527769826474
0.027670488595539156
0.06832284859213424
0.16905601832346373
0.07139933394887055
0.006947488224570401
0.07610226588546075
0.07324232284759423
0.06318634145499334
0.01593344740414947
0.01520309788457394
0.03210348086678263
0.03207899029503909
0.06134546830734439
0.08288250402890848
0.015794876440442113
0.08072212199599876
0.0713703941991444
0.07422338377378024
0.026057704569891923
0.03687717116285998
0.02135555774507446
0.021760863597836792
0.06528241091595624
0.012200195449764223
0.10000863406312895
0.07528521172173694
0.002384075241794712
0.2000502235264313
0.10982656340200497
0.012646835249291296
0.07764482702446271
0.029333836961804388
0.025469711350582236
0.06836468694252079
0.03451877461813347
0.07546284441098774
0.029226793338690108
0.08306408413972095
0.011453092395408381
0.028355299388006162
0.019931164551150456
0.05616243711907842
0.10339559020157175
0.04897251369535278
0.17064868893115118
0.05562494438400577
0.018412337749158736
0.03472886255649307
0.05989509792984089
0.08007689435317039
0.18121548170047
0.18666489001814432
8.584865634827758E-18
0.0016508965041455458
3.9176714466625093E-4
0.10463336451462933
0.14212805368045128
0.062341362959629214
0.08772593730069912
0.019208391780091115
0.20215567758481764
0.03099371818517192
1.5592757065620525E-4
0.002458095433818851
0.05243590468541313
0.007547199898520979
0.0956467030697698
6.47130409116717E-18
0.07290193627710062
0.028887489670950627
0.004346173255377151
0.008199363157678089
0.017013013272431318
0.05931467390243071
0.026394974172116087
0.07594879265806868
0.15701969168055338
1.599038505408511E-17
0.03040429466392525
0.018938827462514882
0.021245245991425108
0.04795410820187705
0.07209443005912966
0.13094017100832503
0.013315710990398261
0.11065366562117122
0.07219338058210548
0.19857251861140574
0.008890110506379912
0.009349942395666366
0.23014619881414414
0.005250815018607636
0.022568749354728454
0.014876977673797248
0.023765726919412644
0.11101933327836987
0.02043683593550371
0.080618799562526
0.13432848980776688
7.963392422856882E-18
0.034771545470024895
0.04085812037652852
0.1554512598457494
0.019498351965177848
0.06367921847277135
0.0385798214117803
0.03972947608234172
0.06780778886806121
0.04499575821305647
0.005049603090220156
0.0072739750567058946
0.00450555995207175
0.008033163683421286
0.012541397241446638
0.0133925807972273
0.09202249746773716
0.007491185732134882
0.008061678212689485
0.09683721318847045
0.4821098194614751
0.01091576148118811
0.04351909043679556
0.03894380485741387
0.029616437757874193
0.036243424652981616
0.1141999979801832
0.008309426086192883
0.14940543048683538
0.041950388327685786
0.09950030666361755
0.07988112690398097
0.062088144574225006
0.1528453034926816
0.04921390403383971
0.0399902392716539
0.01386892953432568
0.03439181262458906
0.015162834525117474
0.006661224644582253
0.035555029780309014
1.0120393907296384E-17
0.0885303004310719
0.050297486362636264
0.015040445275981425
0.07964851969570223
1.7986052704738084E-17
0.09524264476544297
0.015808184025323666
0.06477428065192174
0.08288262609225615
0.06933313879505232
0.002699646299335757
0.05726235131810828
0.005011217884634511
0.03411016583266697
0.011133572990271734
0.04701451600029689
0.05360669778404264
0.05464188726266355
0.0968097816969947
0.008680044753983492
0.033900549077717654
0.021864111412782963
0.04472533835019327
0.054609471865519794
0.03590582828623002
0.033735488457781654
0.04357443715544169
0.1757912716385088
0.11799399985520041
0.06984996641962582
0.09102139499416532
0.03157245128837167
0.03616084689006722
0.012652055548952571
0.01944163900603442
0.024486032539811
0.00837235846158258
0.19219040307811538
9.691404557883425E-18
0.027260719919374635
0.04575247046870651
0.011139374821859957
0.09938396229286234
0.06106098349729993
0.0751410301892703
0.08858533229297867
0.22327633023112511
0.07087844577214734
0.35422470077290674
0.05680046096042051
0.04029878249111323
0.050446976429486666
0.08796387646611954
0.08885321205788733
0.005389276690845038
0.01333995340749324
0.11142519497424837
0.02666383589137425
0.006428297374297998
0.12908733944656728
0.0014714216633622086
0.014191131324656001
0.06681914846788722
0.1416598982655976
0.11761810408036881
0.11164902747016191
0.04666596969264486
0.018303503304514572
0.016286034432238455
0.08584398520492971
1.0299754902028223E-17
0.04106277774309646
0.18278925066005305
0.11439173958063882
0.0629580004712472
0.04369270971762566
0.005498666691551734
0.0062032745321451135
0.023120704759713312
0.05795192267832683
0.03292665684125561
0.0034887851194387236
0.0226419457872517
0.001753360308630575
0.016686593465431603
0.10465924576775812
0.014565084612120768
0.06281316481977008
0.06106567177981975
0.004819236637396639
0.06780976949496029
0.05110768720703329
0.05839381974308431
0.01561943948675256
0.042647615702681996
0.12440046014822938
0.04743319468343961
0.07892101002162309
6.92909068302373E-18
0.10376156932529788
0.1383050886401154
1.0405637252263925E-17
0.012110998711514684
0.18297767257951034
1.261718338670503E-17
0.10955747096375226
0.06061250306646613
0.07017483681358523
0.0013395114073933363
0.0874235399737753
0.01726041064415178
0.08516165367968333
0.08996938239723411
0.009660087935068024
0.015555367133492712
0.2554753480736587
0.01644013613077284
0.0070085604956469675
0.044866747212946964
0.03176888333457215
0.06734307924246923
0.016561435253991303
0.025989280480540652
0.05524829190464255
0.1772377738977395
1.9224248768410424E-17
0.06706278409654934
0.01767150755522972
4.7883733895845486E-4
0.06462674796343856
0.06398138745526859
0.12315242401271805
4.233550921620663E-4
0.04340821807815366
0.15210551373272424
0.019101097042162053
0.08191776476155588
0.208519371470926
0.015000395868438711
0.022267138127159823
0.05693800872851451
0.09847956724023742
0.10528712392090725
0.041414960290884546
0.001268407983811521
7.602037141071601E-4
0.10923688789843426
0.00331693309698957
0.005840260318531265
0.03227228548205524
0.1837060896245363
0.06099583512945533
0.08636485308216645
0.03992111167841909
0.09503539941475841
0.06455670443746021
0.02124303272319799
0.004145469845894044
0.22588607685545223
0.10178965099642696
0.05322177491882463
0.016831770248760935
0.046533235408941505
0.06137632564168467
0.003363046670080057
0.2903408325317146
0.03952123144829384
0.0014650322904252245
0.05448009794469369
0.036948697314915395
0.017223964436090332
0.060660727987639294
0.09336179087396722
9.535996020284094E-18
0.15965144177982427
0.022568309969835033
0.01232980421021054
0.007922381032569445
0.03899290631458874
0.08664666472261474
0.013740785971257576
0.023560353893437483
0.006387601109925521
3.9409212158539526E-4
0.12892301506149875
0.02363404080799956
6.011723191766184E-18
0.12260166158329257
0.10998539408547336
0.07878516938235108
0.24386251164762923
0.01852733261956867
0.0303834192094691
0.08383247270325632
0.03391764563571096
0.15752597302011656
0.08347787455734387
0.01835492567121051
0.0028526000928106345
0.04879642412581163
0.05625003302288411
0.055473348880242405
0.038692259270203845
0.036180880389854106
0.035181320574043176
0.03472351631152183
0.08746900558049432
0.055912923750190066
0.1053929373283363
0.030450711292661727
0.06842478186700857
0.07693952616050846
0.12299694099222694
0.15783055592748033
0.020676389325131127
0.221414036051929
1.6767492780616748E-17
0.02232062462524152
0.04672791235884128
0.01159271319616122
0.019463814838748077
0.09053945328023252
0.014198244946152065
0.16078800333679674
0.002142812456933918
0.01086510655952905
0.09535710700911837
0.05622350648343495
0.03952899904180682
0.0967755914830757
7.860401171979173E-18
0.03293814979864583
0.048462904966048354
0.2957406559981559
0.02014351464969247
0.03370740346843523
0.06178293473435181
0.2728282004971279
1.1779099484403086E-17
3.295403890257421E-4
0.019543392929435136
0.0712894092464832
0.00476823199623948
0.007871784783858938
0.03834333711819586
0.054883502240005315
0.031787414800338476
0.1367567222730024
8.870069767452347E-18
0.004168249351496247
0.015074683608622148
2.850167847253211E-4
0.04028390753908631
0.16436336359838977
0.02533048239171619
0.011799484936700657
0.06702537649900282
0.05548667153374364
0.038671425791783676
0.17271390120923474
0.0065284568678738815
0.034315792535010166
0.11183747501938131
0.0018489270515441138
0.003882602001245275
0.007339732081639557
0.02620005553237299
0.040664329126321314
0.04469376920483241
0.014429006141082447
0.03249457238707902
0.03343231546376272
0.09877392607316926
0.10904628730068874
0.0774092666972013
0.04997098872810123
0.23399020781936491
1.1593796111319419E-17
0.029781598053567507
0.26233618101931466
0.07314066470635193
0.009186914100675441
0.09773586342370344
0.05801116204599425
0.027753599767233118
0.10563594286953158
5.798334018583311E-18
0.15747995736333512
0.026014667205405028
0.026236474512689834
0.3476528576282605
1.2174589043189519E-17
0.01437100678856214
0.03775245259153785
0.1527308723592024
0.11536295121091854
0.04870066644608093
0.006570044670085414
0.06800508898099013
0.07500869721743483
0.028634177139288154
0.04438091441843764
0.1478576189019697
3.275460148005768E-17
0.07600663432544062
0.032818962253599676
0.03243736979074562
0.005892657745571457
0.140030871318554
0.2243836131533672
0.05252490714507543
0.009495807408833955
0.09812390858221477
0.02069762679222781
0.003281310124941908
0.0477050521416563
0.01613000558776915
0.06913945460866597
0.019285649285339747
0.00860733770039255
0.1582602163855342
1.9547705820914754E-17
0.3097100336311947
1.6168730424125427E-17
0.3486205040484569
0.040363485536453914
0.06192537855102057
0.08378016014740515
0.017321164747345116
0.03605158717321219
0.04621761183527127
0.027733479272460497
0.006243244819210172
0.09105226040649589
0.02956337738685329
0.04809757504573318
0.0748438785117174
0.05221696532294267
0.07109855122938676
0.013103158741786754
0.00992723437286803
0.18347788471505289
0.039271794156168875
0.12716346378229437
2.8607988060852287E-17
0.08265445777892454
0.07339499715542312
0.10787160046573763
0.01026129408544247
0.0012345182398778777
0.0788898613963363
0.06258288996960171
0.01204296031025921
0.15901261619545426
0.05437770439886597
0.02702605942528782
0.008261056306529324
0.05505197674111267
0.22793444899683404
1.394113307107678E-17
0.05150992835653514
0.10469275992161808
0.028035257663621815
0.004139504335626931
0.3452401482492081
0.03736121561660002
0.020759109965539885
0.014704762960502016
0.1767819319275991
0.009356179549597943
0.016406078244831285
0.02996682805277728
0.05293097291974713
0.05559246631813715
0.07490438463170375
0.054116218603725216
0.0232624808841469
0.013368733597962895
0.05421308462172939
0.0557494997330343
0.07400317223520647
0.058679609079196435
0.025664428324410904
0.07681281477868307
8.358660267071003E-4
0.06883444812005851
0.05288674781587559
0.00646297899841235
0.008181678096200887
0.056061191291358295
0.3488061536246827
0.03571743471741864
0.03827364697587831
0.009546429225002189
0.038822169168540664
0.16773624321790342
0.06827657730092832
0.07881360310463487
0.012333083087073345
0.0010226847166289112
0.105138737932236
0.016246668081747295
0.019061045922097727
0.0199151293617857
0.03272718010237247
0.00766350788446875
0.019914760964934542
0.02401772820209672
6.634551514128206E-4
0.11714084821677029
0.02335804782516686
0.014747272567484327
0.140819061144954
0.029537321042303562
0.062007502066912384
0.07067500145959395
0.015734635619421622
0.12233459876611158
0.08303395975801586
0.07633747283330324
3.125369658541788E-5
0.1426535279329013
0.11878850962032549
0.12006918476602227
7.758110350789295E-18
0.013163854048636271
0.009880649300668957
0.10362526080283507
0.037927097063663706
0.011609799872006079
0.008180085440047035
0.0615222431998982
0.01618216030887372
0.015220665394062763
0.004185658709910236
0.004176459829357282
0.03475184990409215
0.022723610476714073
0.013327321680201535
0.003883728777589958
0.00418382996253517
0.1371098594538854
0.1546207048341091
0.011852846150490533
0.01712037678138918
0.002576578953457495
0.13685181333121285
0.02820538002650931
0.05888512960528819
0.05217700919489712
0.05486285447487187
0.09263567406997882
0.10797475737362264
0.018176744426099893
0.03647982292607608
0.14216932582563888
0.06238894781457426
0.09218409205476916
0.059337896824947875
0.08786635195350581
0.0015266544837146108
0.01818216442126594
0.004169106040941737
0.0590514184065941
0.11911026812183946
1.1125600921266495E-17
0.07472214743871822
0.056198773837834386
0.023070659546843154
0.02918382703784417
0.017491860874823333
0.052002796071236625
0.001883520164362455
0.20669850626263978
0.15309935614582573
0.04924306446474226
0.06691673935403648
0.009000480834207273
0.027324003907748824
0.02869973777128975
0.0692543060531546
0.03698517381011798
0.019880007878034317
0.053566766735386115
0.06729111243277075
0.2591620635778738
0.002936802821462802
0.024961596962407163
0.07574131158902937
0.027891978624404432
0.07457456996272885
0.005665387716000388
0.16662954078339776
0.005917761801728367
0.18571003045816367
0.12395937902226199
0.010744759434843872
0.0970036460181565
0.07874814809328837
0.11793933622083468
0.03618145328414615
0.0749395693284749
0.0075379138464329734
0.009864620298390539
0.03781353435707451
1.1295178494088542E-17
0.019887205710785723
0.020257459187448895
0.022245012983010633
0.08081846160065169
0.09310492967897423
0.007569379259554665
0.22800674815284322
0.07756471608133049
7.993666569342388E-18
0.31108787454762066
0.11840388651999169
0.16533996317402586
0.004579781652725108
0.04105796447362589
0.007823979026688039
0.21025327851851214
9.628194405388052E-18
0.18539714969784163
1.0009322476310036E-17
0.0030889851676521793
0.06304165351337095
0.025477282734915466
0.034383784618546326
0.06568195646982701
0.008363327971816112
0.02680218752081339
9.718168710633404E-4
0.010114570057823862
0.03407624205745245
0.0244991647498074
0.1035641611591715
0.12649146246075657
0.04029110457572332
0.08941072715873069
0.020900626607719536
0.0034998492318684222
0.02016251625600965
0.11340890230854117
0.0472262149304762
0.008081906815198997
0.08136488506834164
0.01971584721204168
0.06415573064564666
0.08999454763598824
0.028855182566687537
0.0429142741080257
0.02564450773251854
0.135062406478274
0.07503663841018506
0.01603548386782445
0.014834475806140435
0.02786108062003135
0.008212267280914728
0.03535602841641432
0.03724066807543265
0.10175136819509661
0.028548190623445276
0.016898273012747995
0.007859391642252314
0.05615219729692323
0.025584161851441457
0.00163754699527251
0.0010154732263695165
0.1030203792028075
0.11287037142861898
0.07862773401379589
0.014675261704862157
0.06335506477872795
0.17973356773268984
0.08960680337098013
0.00466617545795097
0.009721401790048647
0.015122430542068015
0.01908328857122961
0.014930563449321194
0.047105865747054186
0.010927778942758383
0.039721811857608674
0.07667858905752643
0.09750805406931573
5.9107617281834484E-18
0.3815429003331859
0.19380441592957526
0.1078239711014204
1.3496664344503226E-4
0.0023087087570218177
0.07653892680676774
0.06751086550235427
0.009068661402747546
0.020023396588295612
1.4484972976849548E-4
0.016710565622547774
0.049780298223824564
0.068995706070098
0.05265756892905759
0.12619873673941398
0.003380836919847801
0.11948004103737257
0.21532729340337883
0.19438264364367777
0.07523382431896847
0.08029911593879675
0.009847085873488171
0.042855308985564736
0.0319800214794795
0.1569045085844161
0.05759270349211079
0.005721773254792018
0.07105724839621114
0.041917861432142864
0.04814522204225914
0.03203478106595236
0.05673088119299262
0.04373350106118819
0.05232997301005285
0.020504086458515747
0.06294431827926081
1.0565253882017333E-17
0.08059346259707366
0.1282578012788749
0.06199543818603564
0.008789272560329449
0.05330466335274561
0.011941087784875683
0.21767086369029595
0.012966852717138943
0.09930122471617821
0.04693192029499769
0.03213740435487081
0.04451567161214666
0.22943194617922627
0.018089735869269315
0.03885804805388578
0.02599290467251985
0.03232882790969556
0.05680533777499528
0.04109220577621008
0.11118303020234667
0.008812193918785115
0.10764308853206465
0.018373162192661944
0.006062388680525331
0.012902431543942243
0.11646034491090743
0.07660144900187013
0.011883290275687264
0.05178364926300971
0.03502472032575512
0.15000583742723658
0.005684264528779026
0.03571666585339965
0.034238037035777824
0.019513682016553135
0.03866905090957291
0.03522936001886293
0.013318713489207304
0.05215778861289554
0.08054722500547758
0.009651418586838075
0.07144380139433477
0.02419380279273517
0.026004779926094446
0.011830227756019352
0.014850492641850984
0.016887866169218925
0.051173175571767496
0.05605110784677568
0.015591652777436885
0.06402775011553828
0.03675422892965718
0.02020942107399746
0.02473392970967397
0.017346245191470332
0.09795458348842054
0.15097829167673152
0.002537974829898077
0.27285859642888144
0.21285835876985276
0.05435462454880923
0.03266107910847071
0.08349367034885251
0.026229629549853143
0.09644154825851615
0.006248332029073166
0.037930242800432265
0.06348608953669987
0.04938347713434033
0.028973946305010708
0.13356008814217907
0.050621238153471276
0.28659017854325153
0.06231217251901671
0.057844111789733955
0.009745029939809148
0.014994893283222059
0.03334569447928139
0.05077925626724886
0.009219901847812635
0.07179681402911864
0.27394652887536375
0.04677870690870444
0.0012801782483743084
0.010064631639755111
0.156211143172655
0.07868880469804808
0.03432736671973234
0.008287786078221358
0.04131585743012168
0.041191574520612666
0.013001250488831858
0.02177281954380177
0.144339785649278
0.010242711317389335
0.028545858490149692
0.06538087308662177
0.011779837249417262
0.022555097656168605
0.11485166167878492
0.24662930964067578
0.04159807244827208
0.017214743823120705
0.0317621445842897
0.10745536168642886
0.038741240461753236
0.022917294965243622
0.027899220034935095
0.1326993280002175
0.018164318475502268
0.3135640262419802
3.0547162045495544E-17
0.020362312997114034
5.556828227804296E-4
0.0925766374175571
0.030442009948410245
0.04983418182428469
0.05309561721307036
0.020656046520140418
0.0294346603626611
0.2542947537476229
0.08640516422792943
0.0522992216457122
0.2088350258156081
8.861518941790026E-18
0.07381895643547699
0.15105488991502503
0.00418142194922067
0.06224515830590831
0.1613959109966079
0.04820123841803612
0.03862604356264263
0.1454980728898467
0.0031293055711601302
0.12560378183525844
0.18113533296219853
0.020047350440865315
0.07119243983146627
0.010640863102116259
0.013826996671413625
0.1348473739853708
0.060589101784187194
0.32351022191906137
0.043743201300264205
0.010828346211835475
0.009861215229347412
0.018275113103602813
5.034635138854208E-4
0.0180032086331969
1.8119115062223689E-4
0.09801816635257136
7.361714405833157E-18
0.005892551039927772
0.011834073785127831
0.09729845137168867
8.111591933902279E-18
0.03627402839010345
0.006472778837516894
0.07601431954636437
0.013769579810780848
0.049033552262735286
0.012838553890914765
0.0010676477189592755
0.0392177003120892
0.19062633188285139
1.2420886670196536E-17
0.04696027739013229
0.06509494884663727
0.06419736581583373
0.019036238029845838
0.005117451247552285
0.027730121296629474
0.02147449350757511
0.040493984620760586
0.05529219355278681
0.047355498123473984
0.014622659539881925
0.02123677570079012
0.12060767633104204
0.13571810826832803
0.025315735883683358
0.07609524072754584
0.1176694685114603
0.06057893770467277
0.021273977519008017
0.022033534835895565
0.041030360648038146
0.017594615157279028
0.19517782066337477
0.060185065750009877
0.0037221065125411707
0.27626909178105663
1.1791004832036402E-17
0.16480016138043896
0.004462866785565929
0.02260697457809578
0.036474720018946014
0.042239474605735815
0.051903087520015434
0.04481267815115409
0.009567807916020963
0.00724483866504568
0.1730509231313787
1.0726530594662798E-17
0.048668881666805296
0.011301622009173784
0.023330036146050302
0.04709923043503939
0.09955876270842162
0.17258148231977533
0.003933869434428621
0.041198901141665495
0.006628880235171833
0.012396271004213434
0.04471189687963422
0.18358415905656775
0.18000430494336672
0.0075304049428686765
0.10996560578042001
0.05175116066885718
0.14527336582172662
0.15341249631533435
0.112471532028816
0.045625172692537255
0.03197488294012269
0.19973279273084185
0.04064931935417155
0.007173617166225123
0.010137600158329858
0.024022631870143044
0.01875168645035036
0.16466176055217052
0.01880040591988207
0.00924635684042356
0.005660929364419701
0.12614479634942927
0.04230534960445858
0.02144238767119384
0.023826788755163995
0.044002329151517416
0.039072553225409076
0.20923863829743256
0.0528444127361411
0.05379087826641032
0.08552787349300278
0.06911758612095545
0.026417571624216866
0.03898587250633693
0.018848689856684343
0.016536144465424268
0.008939230182958148
0.021026676484813128
0.01002276007475474
0.11263426179791862
0.008520787604266503
0.03146030715211777
0.03469463872906332
0.03255071371197353
0.0031940057501621275
0.04136564475343933
0.027613844254414214
0.03986081519292884
0.10848463955049877
0.038437940423104874
0.021230709899337192
0.007968726362177844
0.037158121819089396
0.037698172045245074
0.05512242220161894
0.026288311978474393
0.04516238150075552
1.008329095116055E-17
0.02482898197474849
0.30353513493996553
0.10416821007456792
1.0291000731933566E-17
0.03862330326058247
0.1337820375096007
0.0861354597089424
1.10176152962385E-17
0.04806438412755674
0.018161169181319207
0.12157891787774071
0.10417394618808967
0.14700699157612312
0.03160718341657026
0.01477678527081593
0.04298557860479656
0.1009973612414509
0.0709658870488869
0.03830416459707919
0.009938823400115496
0.014132850477714171
0.04898997233741462
0.15660595558811266
0.026523013099038543
0.05625796897420231
0.06677508947793426
7.617113725899212E-18
0.018186795400000268
0.018400954796400828
0.15793355504722023
0.034473970139152876
0.006538241308498852
0.02048888374063159
0.015056451458711975
0.0785408881884995
0.0020745402884177234
0.011832322764026602
0.008828295591140362
0.06667382651513547
0.11895385242194924
0.0035664303903619387
0.035767242786854475
0.058755156688974616
0.032697337236970915
0.014705794773624187
0.11594516729117854
0.03794278087216078
0.05178458651130947
0.003047706433747657
0.04313408036935111
0.06010282512921709
0.016361029156192874
0.0027621680748677302
0.15769864852062387
0.02080851992927961
0.021406004482896885
0.27896628747748287
4.023921216842082E-17
0.010792508808164878
0.15991706840973224
0.07654352345215394
0.01883162596384042
0.009698503003796747
0.09413801651857792
0.014492465241410573
0.007115429902195971
0.024369692541072477
0.0534238426367933
0.1509825818510762
0.2130494306467694
0.0826664631346
0.1439674772299907
0.004344665809666633
0.0641254440922523
1.4759325831871327E-17
0.04107930579579727
0.00954036434447436
0.13152615038641463
0.015615939103550329
0.056908119335887374
0.011637315505592986
0.03541568408367729
0.01666754209043475
0.1594316963654877
0.08103579257719166
6.157429941334689E-18
0.15731468869959445
0.03842699747538854
0.014012931468227864
0.05325115334052067
0.013622099486693703
0.0671937518955674
0.023951157602020694
0.008183860915647984
0.19930240916445074
0.15347269699887725
0.017876108413525257
0.04115506441341733
0.012827472611143274
0.015758942034683077
0.052981874829502874
0.04669023405192971
0.018007249859142375
0.0024507540448930444
0.10138608400409593
0.0402696098703026
0.02551986527736147
0.02570626512157611
0.003547468057779671
0.2534336994451025
0.013182696817547501
0.010403497204599368
0.0022637186519441845
0.010686067288919538
0.14234787203408233
0.1605309400065554
0.08967329633300487
0.07563071590607995
0.05850585298673049
0.0311436485336312
0.012062605867875064
0.03679875290234529
0.004195922442480594
0.13913291134273623
4.999736162579312E-18
0.07655047957433343
0.14788877209984252
7.482036696172385E-18
0.11852710651614617
9.742259776073298E-18
0.005170006788884647
0.06678210379033676
0.0195688854718976
0.01869843776023544
0.048699068266981935
0.15022010236777322
0.0828786304944739
0.10282389859310004
0.0061420172571713585
0.03598350776621283
0.21387883969405147
0.11852925920035305
0.07394968565735632
0.01690755559290131
0.06168078619867926
0.005272182316847514
0.019286579865616292
0.021922891806899863
0.022824577981587324
0.11034115446312609
0.17835771523344474
0.09117221696081879
0.006779563697296202
0.04915245095378219
1.4484381850898693E-4
0.18315155235390154
5.798115768613604E-18
0.018991827912196006
0.003724979465301603
0.11045520605486855
0.2523177558403084
0.004028285016645988
0.04833357157969886
0.09948797806991513
0.033647411104882584
1.020798102145264E-17
0.04080427005165144
0.03547698596462061
0.07730181766128343
0.09639772553537077
0.02752253176462578
0.0333607114898857
0.1341810356789133
0.08569276543602829
0.023361150533872842
0.11892940784915933
1.1238647972777303E-17
0.18359051624919356
0.012211145663039116
0.12577656549347851
0.16984438981640698
0.061854434812906756
0.07988636256637814
0.032151955045581465
0.00307638409353148
0.019643411252882898
0.07962276854966696
0.09726442174078576
0.047415031528013046
0.031798420436977684
0.0024993006358098777
0.010722465772152162
0.10515093511477623
0.018350639044498372
0.016969017402736056
0.04352375070068644
0.006645127712931043
0.02829915187410784
0.03907585680084624
0.0484963357893835
0.019737220722903473
0.12162308318456114
0.062252687804094875
0.07978276978924
0.00844203504821157
0.16489917809687885
0.011685775451152935
0.040890986195739255
0.035461535901117815
0.16493256852865049
0.008539479228184097
0.0494073293022617
0.23025956434296824
0.43457811743830904
1.5393063084575494E-17
0.036544145063562454
0.026638759014229067
0.1024830978335141
0.032060483100153456
0.03646019432060084
0.027416334455574974
0.034590994317530856
0.13577444562551555
0.01793974159657624
0.08393972095499128
0.19240062208565387
1.6120300211955177E-17
0.009217770201748375
0.009363776969113757
0.01577205810700088
0.08082900202240276
0.015095125313940567
0.04487736505812247
0.007841403731563236
0.023863294026829723
0.02726176028483549
0.03792331937053076
0.011727185307258496
0.01317484596398823
0.013843521379164819
0.02539779421409873
0.06959109952469181
0.05891499392249436
0.08278364454277409
0.03869794854732654
0.023724296779937124
0.012043096354084161
0.10437829785876143
0.0449500970555773
0.0734207938800385
0.012925865874288761
0.058307058035072946
0.0877804938648187
0.0012485155135845592
0.03671208855560916
0.08809227329005448
0.07421655372150417
0.051153132083708676
0.030875160757785007
0.06823358125439388
0.17564174311477304
0.07147578448769826
0.04791680846129457
0.02649317436784101
0.04451369013370547
0.0015660397599143942
0.03778390987649344
0.104656767102575
0.04325643857464936
0.09971320164237554
0.04856452524728208
0.04238978614376282
0.1694585811457583
0.059316236791383085
0.04875659502319509
0.123051703551883
0.005805470077023024
0.1114558329802892
0.02590503574136639
0.011733074337779524
0.03504223068904375
0.044954040242793494
0.08961658122161408
0.06153364638120458
0.0035328914962035295
0.07644458709990389
0.07325236529864448
0.05106389782622299
0.0943339608354931
0.0021946106404303486
0.031073249073025208
0.006873047825425825
0.07446397612440801
0.027316992435465006
0.07039593911831173
0.0025139857134018387
0.09064274528978289
0.01888953766045621
0.06330871066051197
0.03325175246556243
0.021674346694959226
0.03545905581983907
0.07031491643814769
0.056381579396361604
0.023596779178155065
0.0070569605405743025
5.334778952032547E-4
0.06640262464509848
0.07545956672936453
0.05635847146191568
0.0070035067609060175
0.09562459104658698
0.05701527895002151
0.017675771081809562
0.01724569383364036
0.17024964647358037
0.017667442166110374
0.39800085383977496
0.13535767982323804
0.04200827516653688
0.05277494734412989
0.026269954530455577
0.06921019375235307
0.03225571072103952
0.0862522603988822
0.02249687970417973
0.040043872046847555
0.006874944587438669
0.10317444570585026
0.13612622187981813
0.15528253519818935
0.013318268372009579
0.008152042789630406
0.07164265865948091
0.37133907777026004
0.03355120665908133
0.019885995601007046
0.006837806536813207
0.02354192114253371
0.2104669911402747
0.010492214161657694
0.06487427273463454
7.183476296519752E-18
0.0028068627772189045
0.059343787809109594
0.01792148506334933
0.01881649534795417
0.05118550220514008
5.485953620557212E-18
0.03946157411618492
0.07177230070579248
0.010675857522512081
0.0167841903428099
0.059006711015655695
0.037535612849613445
0.06962681542304036
0.039470411214866184
0.11083202527254225
0.034823123875833605
0.0588080114315856
0.010396673612628547
0.05906012799100962
0.0023509252456584504
0.011152143785381985
0.011383865697945555
0.030382892437111304
0.0568438064057825
0.11692100265801915
7.236655957728552E-18
0.07374417105474851
0.030421564726246922
0.06295057392836241
0.1646546774940986
0.18670402636423725
0.032710950172028755
0.02863832078227325
0.044499954787193756
0.039092426000934585
0.05015753257014074
0.09269973159069005
0.2761708268525354
0.03766369040951394
0.19552821757513697
0.0032848708739530766
0.020979000193036588
0.03599094973724846
0.016400667622793214
0.05342259680427068
0.33461213241958104
0.02911228525875434
0.003605592702559662
0.052257451345296954
0.05245218590115525
0.14585724206396117
0.15259838287443597
0.006335253116431051
0.04151524184116792
0.05141376036875537
0.017000597280725064
0.02861113744365837
0.002051549449477088
0.009830246137215216
0.008721138796008152
0.053651033368413245
0.07728551782572063
0.20144274085837735
0.02679973433760966
0.12734022724762642
0.09891616977896389
0.02505770478025299
0.030175710802304457
0.1618768831779713
1.309282629133789E-17
0.02075393054477424
0.026604083863922087
0.06350440527378286
0.12353187803829847
7.433079450501833E-18
0.06985847501640263
0.07217509958074131
0.061317829668191715
0.08143546739409037
0.038991616223177025
0.002929108765096457
0.0010416797857169563
0.018481329012701258
0.19062994874748426
0.003863735954026012
0.04808401669706267
0.04806872695477545
0.0390951327771739
0.02330099162762846
0.10783876246219921
0.02498033966191126
0.09990882390412477
0.04319913696867122
0.025586461755181034
0.018957732978486474
0.21106078458473848
0.1041438105886411
0.011207481822966155
0.06996856755429896
0.028213659934552267
0.053940499896684646
0.09940412300165492
0.019050355563330706
0.09402179063556493
0.05347744796894841
0.18293916478681946
0.055053811740735
0.13200214525365903
0.007111614140542476
0.0010918118025735714
0.04765957012556667
0.04824899639280247
0.013222913731479382
0.004904362298480944
0.06680448000584797
0.0071519329728970005
0.06500269741601944
0.08179572922799597
0.034976146763645896
0.04583575625342932
0.003695467442586021
0.026963466686326983
0.02938371216656398
0.021908302185449917
0.01828834908936247
0.0030712160900792465
0.023530306842439015
0.0097144234443578
0.11009177231709047
0.079850812255913
0.19831168368805546
1.898088012908406E-17
0.04001714261439056
0.08125653762673082
0.009998902333757269
0.05397897560308049
0.07559300625643627
0.04670311303034757
0.053515312568580456
0.051710120215668454
0.1800109243030319
1.2181446148744503E-17
0.057045909950992936
0.11041107047722928
0.035059686259916574
0.05330526635337799
0.024682823703384354
0.05138964411405039
0.004258859933872745
0.07196855306631088
0.06457045206927735
0.045081574499582194
0.06725174191191469
0.08946527512249006
0.017732863837895428
0.008334421387632468
0.002104497082057237
0.10266391556574615
0.008359451998531274
0.10676468961867479
0.06580949008176258
0.014157448335234996
0.020518754330172403
0.12063720483319497
0.018929602917346373
0.0026448008754176924
0.002879875578083694
0.08037443723206948
0.014378050754419851
0.05650156241457238
0.017719533109963184
0.06763441266661206
0.15427690116494153
0.07500860370393723
0.44091356436448026
1.587764267822595E-17
0.011820991923352838
0.22808934673800482
0.14124945819783338
0.03830539286035408
0.09913573386298767
0.13385986270281078
1.1845086373182758E-17
0.07156078569356801
0.06757763739832226
0.20874553190794068
1.282345280292626E-17
0.045381583418603794
0.02201147560955601
0.09628809264395126
0.14636121889141604
0.15446722968463902
0.02618916665944145
0.05043458910249013
0.003998876169600859
0.05018516871527249
0.0031896624927929733
0.02756005891284376
0.09881131450562618
0.10787639208069288
9.410740954737973E-18
0.07081707939761621
0.018403782510178695
0.16341994495962872
0.02896587466007217
0.046989709236851925
0.04539671992740469
0.005854180980182412
0.06037105416100911
0.028679746515800332
0.060146299514641094
0.06725907131057389
0.07089770564258842
0.00881744480188707
0.013356291188689166
6.815738427044093E-4
0.07417719395244864
0.05845668181671635
0.004423895838088749
0.1351172825121365
0.05645148829147233
0.08958270528400983
1.1894744715492267E-17
0.3046119023707983
1.661633480078419E-17
0.06299464687392288
0.01803887680148628
0.010417288286990815
0.04249630466985507
0.0011015308149084646
0.21670123699642918
0.04915393605175285
0.012772551376305293
0.009504495686251564
0.03754946187875692
6.080051342544683E-4
0.09894111196068875
0.10553436178435069
0.02569733133151724
0.05703629922336796
0.0225935363012911
0.1043173696399578
0.09200847481576503
0.06745776384617189
9.992243796230014E-4
0.0028780933086879875
0.10861775384762754
8.929339494255257E-18
0.003018809729944886
0.01164824459720978
0.02539557328099071
0.025537327930159188
0.09901603915238194
0.017499685794743702
0.06382023281532846
0.011324372962109521
0.0320170841673218
0.01162639470704836
0.05028621535277909
0.020367500016561093
0.13946331007828736
0.046240595600759986
0.0029527236258283214
0.02137936127954152
0.09387970432259225
0.048424626122353334
0.03261876012674336
0.0578639770982041
0.08695749034425997
0.05449211516379252
0.2401428013392683
0.00396216276099049
0.09398443134915223
0.033036505914197954
0.0576836051990181
2.4616407972179405E-4
0.0617941696589955
0.04370096022464646
0.04643761844633229
0.058426204522341554
0.2508451761286473
0.07962689275618845
0.00391296552279317
0.12181514295797116
0.09275638358236761
0.0520207874224346
0.038290489342944926
0.02597790798505876
0.06980239218225397
0.2046585345506323
0.013866122288997196
0.025397211858759372
0.002714332384240189
0.042715079331063985
0.12408490254529982
0.08653642281592552
5.541015294124078E-18
0.09716263378799514
0.1955283623300947
0.033360376766924084
0.09851240783605414
0.018697148063984446
0.06126487407099398
9.480916094792816E-4
0.06486719691044826
0.09991317466760709
0.0359612339094475
0.21503065483824874
0.12891994853069746
0.02344430524084574
0.008849617243442284
0.1586762380326638
0.01801669029008582
0.016463796212013257
0.015731101304638496
0.0027685468089179033
0.05495385276221188
0.08642468388624805
0.033876104267242135
0.05288090691990795
0.11216078964730822
6.783049010034037E-18
0.044389912241537585
0.01056819951664798
0.014099753790941767
0.10672588660759941
0.024069840836396458
0.0043174702508829215
0.11060266383097886
1.0028627405119945E-17
0.3200535794807238
0.18811677767646745
0.12012868018329734
0.006521334490485745
0.019452769288387736
0.020675494869312878
0.33328419022010775
0.05562677469845651
0.06359469777179105
0.03168811427240295
0.021965412112111983
0.12391944597857091
1.097246257416903E-17
0.01073982141527876
0.020886242037529743
0.02794389417976686
0.13673490298540406
0.012133547065892751
0.013089776107288125
0.021917413781579333
0.0344131461999158
0.0062829832512735035
0.036955432329000615
9.5685103799667E-18
0.11256358320306198
5.936737466946252E-18
0.025517418467674143
0.2727920915823884
0.07128042614094009
0.1007917664191193
0.033196280576336085
0.0386949710178666
0.02712897767404228
0.012936054296276157
0.03896258625036108
0.16244780902430056
0.017637823262807124
0.0017537183784713587
0.04635734914551831
0.016222705729649445
0.06292995722035648
0.12426665779931743
0.02399399691921588
0.0984985386740241
0.06650783115390223
0.02083371506698868
0.06856854644062826
0.009708257805226167
0.02222880093216125
0.1273635430892029
0.07580851715642045
5.1408604163727E-18
0.04835020968983126
0.19714799687738066
0.3822482214193409
0.008929880858089661
0.015123911460265142
0.028345850631937765
0.08499851598479247
8.754754636648166E-18
0.15661441888234356
0.017226314205766244
0.013931258043410739
0.025380191591373284
0.024083462025807335
2.602354466294436E-4
0.003645292201305088
0.016425622219453852
0.09454778444934753
0.056299482306882406
0.033435440582732234
0.00126289190843534
0.13978374869804486
0.07790812328626076
0.030684334212744024
0.019965519625629768
0.04315301468467901
0.10362788199507443
0.02270260730038523
0.0010571109770506455
0.027778088926452855
0.04558959154149496
0.023597742801292197
0.10396696233620717
0.09830577732779511
0.02639396116020315
0.13069150885309447
0.19810647792292588
0.18123992017093016
0.013111946263168802
0.12004225682634614
0.03215297253318054
0.17437034632638457
0.09598449062298739
0.14712148283828594
0.020345526092170253
0.018128675489528113
0.22782540270489846
1.1061247907633459E-17
0.07655116357586585
0.009013470822467465
0.015951158160787668
0.09862368219602212
0.022551141312950183
0.04650050050987061
0.034466433408590326
0.12310219350954416
0.0488789373954587
0.09216470115204849
0.1086357313104317
0.1218729715981088
0.006375510139817847
0.031176854257607797
0.006336213312460125
0.02937594633352234
0.051323505152550256
0.1239441798747661
0.1413915125662632
0.09491918666423411
0.12549671825824085
0.032091635321722066
0.020225022179873518
0.05341863828032994
0.003513692849575499
0.03410969760022612
0.11856193733101508
0.12191510535058735
0.03444808959032966
0.00326142775545189
0.008075193752851487
0.012374764208814622
0.018159432164129685
0.024752490707636007
0.026497862501419035
0.043195250894264396
0.026602571697327042
0.006872130333629439
0.007677055403928305
0.05668497614319642
0.30904301910031534
0.16119246496117162
0.031208042570864434
0.140716166307116
0.03570362822681944
0.012460041643548185
0.05565199669997401
0.04202491657454029
0.06704193326998986
0.1669943241539304
0.08824311096113999
0.09901889970725014
0.13640351351351515
0.028299739805078376
0.005035449561380014
0.007768634418071269
0.009693866949288933
0.01491142371161719
0.020927810863165554
0.010112110492571302
0.1022748670712163
0.02395113259768337
0.003434729800352362
0.005537849260278138
0.4232781458605033
0.025584856110359745
0.09325172437857057
0.002099934694716171
0.346042940849019
0.0275013229044854
0.13885798165501476
0.08366365397877049
0.009277047435673879
0.006215821388503266
0.04057125181295094
0.11547867842012222
0.044217120514579676
0.12760276333836126
0.08342413536276763
0.21556723687348645
0.05807321386744608
0.15302466014587274
0.10398915768531967
0.036850862369185514
0.12433683510649016
1.2849463862868707E-17
0.021814037343112314
0.10289532328751061
5.950129560961568E-18
0.17996658305440133
0.022423788589747716
0.024100349618310014
0.006098233090953093
0.04199146189560795
0.08227355816744122
0.044760541207506555
0.04216763172385639
0.013894390180799727
0.10148309587312389
0.05960295928101361
0.04943947886414258
0.0790712615351211
0.008801160064863785
0.008139236229721894
0.010904071244914756
0.011563385451614165
0.008262782638900467
0.006781428131093195
0.09485879654591564
0.015634250364874768
0.05174109557027991
0.07056334202249437
0.0012502985720551287
0.07230909934004207
0.1172838381014217
5.833205831525315E-18
0.043103086509939076
0.041947242240892524
0.03902897875368683
0.05435616460335825
0.04512850555273722
0.01665525940121399
0.11642470049682106
0.01807056709865819
9.438936578350837E-4
0.02473475128114742
0.2232314036704189
0.005075248312521478
0.04860875407611487
0.09345364227265603
0.025676275876755708
0.032577120567208184
0.08878596293442631
0.01112144160002145
0.04566568769502385
0.09603947649038487
2.4346922618468682E-4
0.020002714800175916
0.08467597119410511
0.08524030589235863
0.04408526063256844
0.21088372270034106
0.058452396892311353
0.03268010099000783
0.21101984762923925
0.003160358277268138
0.015184241158265895
0.05011033309248698
0.027726327156223602
0.07089098684487236
0.08646065934258759
0.02949325069062419
0.010391384533936135
0.019934650718341423
0.05598259840859982
0.020295279513238968
0.012359204517976202
0.07289824812487294
0.05291490868841035
0.08920533809059433
0.036558615856273305
0.008767020356061478
0.025511555988100253
0.046591578237585446
8.150893941040805E-4
0.13035599447117285
0.0029351507628580307
0.03667453653383454
0.024736722482340642
0.03280567032749912
0.02113109985119998
0.021620219485560487
0.016874666270555855
0.05569131146820014
0.06108432239429377
0.030635286425385783
0.0704792161869986
0.01471025288915615
0.023215878764078202
0.07672969591083652
0.07584369534991028
0.010183067910343187
0.013924172575660662
0.07029700530154434
0.18455309260176397
0.031182944306279676
0.015688149153881253
0.03410405644284888
0.025567855447381063
0.04436426542600819
0.1458394750534861
0.0058738200956668435
0.058539415021928116
0.07804887889117802
1.7462775320566695E-17
0.030561258318034825
0.007412224143401823
0.028766084259105183
0.0040361264029616685
0.03644189173500377
0.03799649003923164
0.22787798682954416
0.0098733103442114
0.1506214538419898
0.12220866971486118
0.06135860812634184
0.016846871689725693
0.035302338019820745
0.0031065912126649197
0.02711229021472114
0.029804119049018463
0.06900855378060154
0.016845225998879894
0.056037865672152326
0.009125722975263663
0.13146838510995768
1.1239102617894475E-17
0.05469023303894988
0.025621430511666578
0.0970218594081464
0.0370518522749924
0.01896241036156355
0.05846833039505804
0.015389100375805428
0.006978469424941313
0.09418590959458749
0.026455093815060407
0.11081891145962966
0.04762435163118704
0.04281105639565239
0.16523780969289303
8.094310625158844E-18
0.20994533851412217
0.011519323380860981
0.017492674059620114
0.04480027364221995
0.005790424896391133
7.274489988283524E-4
0.12555720127834488
0.10524846131812228
0.18746353633077273
0.07057029195628743
0.015343983562393953
0.055286388258775555
0.14851604322750928
0.01751678942880662
0.061960009754012405
0.01818527424372402
0.03260138488614632
0.15368338565572032
0.03242726051495758
0.2898037472645362
1.0234568159025675E-17
0.09131532530504384
0.06963583747448251
0.028621220952676395
0.12324546451446933
0.027812678880823425
0.025427315374463834
0.036047195250341973
0.03903193619672823
0.007037207940803668
0.0018266394855425742
0.013106721313228153
0.07643100129294796
0.03289059040552684
0.08572939415643534
0.06866061239190244
0.0010607140922672554
0.16215652851056314
0.16859067954516133
0.041059578803500044
0.061075479357032766
0.06618675245062706
0.023809931400801107
0.02245356426541551
0.006114232788881651
0.0021132482461021906
0.06145451079815594
0.0877004138491619
0.00909028501491295
0.008193714697871807
0.048857295422854066
0.04088829239352668
0.08847189964295601
0.01742444253007428
0.009712981202702349
0.00545770754341271
0.034379080463775094
0.053940238559656635
0.07047966910865444
0.004504910431322836
0.03759629787574155
0.02623060375743435
0.05737522254995213
0.034575581431494536
0.05472920597027977
0.07396482935821502
0.03551781016392782
0.1720845636899272
0.016756860066034024
0.15188442194415872
0.07885893654472013
0.004793394604370986
0.17811452895957178
6.084521129198148E-18
0.05898970034621067
0.1693489102431855
0.013406220256171865
0.046647258575308805
5.592632556036751E-18
0.1151250773471175
0.07918797148025603
0.011403440245293706
0.08353640276831707
0.023168362874526036
0.1104849825089305
0.12683759653527102
0.038511942839545114
0.07890805478841514
0.025186069316836646
0.01643386646391592
0.0012116734590606362
0.10500836441404798
0.03847355923680498
0.023190778591426056
0.019154784015562917
0.027169067480271425
0.03707002309029664
0.18396622189165449
0.034259341432953214
0.043279302122073385
0.13669893614231926
5.37646362836774E-18
0.1460175160016496
0.08966219516338421
0.15761457683251984
0.10683457551723798
0.03189258109507529
0.07444547113881593
0.05103707978470496
0.08559624952561931
4.8674753757436463E-4
0.22909610490188406
7.034352321242477E-18
0.06150263786198127
0.06560196904802051
0.032864438490759366
0.14114364072861982
0.004408609561060655
0.004248046960461623
0.03572509053338344
0.10317872932082452
0.022254657263039563
0.11040682394906626
0.05461045134210459
0.05481865599843416
0.015199201345031516
0.02453633240386327
0.013466433451228381
0.0284346559866067
0.06535122389074968
0.0739776797388609
0.20014132531465212
0.009301342881711833
0.010845427596301197
0.008732182728095922
0.055487023821764986
0.06811058460090329
0.019269969458133966
0.10355369790336996
0.12557946511089235
0.1261096273722816
0.21932248246433317
0.01213791108979055
0.13910484586907124
0.02634685414604862
0.20754745355746976
2.0665726073776024E-17
0.014996813123567803
0.014856178550608156
0.004649422842134404
0.19443835633293743
1.251225742422703E-17
0.27801473844489377
0.062335581434136034
0.11656832304558792
0.07880158360434816
0.018347279488936333
0.00637462825244519
0.09385325752977797
0.03703354587799114
0.014322701121389983
0.02324249670552233
0.007518295999092587
0.13486259344866197
0.1357584440461473
0.014382475061867225
0.01744493983963277
0.02638715923336153
0.032555158919521224
0.04917127818121418
0.06824023378203999
0.018704050946327034
0.0024696790033394435
0.011910664646033334
0.1384041995111528
0.001309713570594959
0.08879804366786143
0.047637423792911915
0.01613734069261791
0.023516802189876892
0.012145889927599124
0.016630492474314848
0.13897342268052496
0.009387327231655536
0.08254893898154571
0.06287340291168875
0.026994495395975652
0.05429928116363207
0.012975631240805866
0.03761930780369932
0.04428859454304021
0.003830042864696101
0.022396250710800005
0.03211138561143882
0.05089324800103524
0.03381559454933184
0.04922418210127781
0.034937472841539585
0.04908267649781023
0.03250331894664686
0.14641376440253073
0.0025953569422381235
0.07172365193723831
0.14144240177049341
0.056768474722635284
0.1429306128917107
9.565763892621202E-18
0.02033437830594472
0.02011736490688433
0.0829589451007667
8.963049036730448E-4
0.036462226676099586
0.07146772452432815
0.0357548383520779
0.07402084691493328
7.836948653411916E-18
0.09863288964902986
0.07844260744465008
0.1469484952729499
0.036907523894235704
0.009267977930410894
0.03346915961713451
0.0021633312467921606
0.04764202852367987
0.013188921474523278
0.11234628812646531
0.19239279837999326
0.025309305159272235
0.06587548174247033
0.1453712304251803
0.03526034259251501
0.0502416223455329
0.06700053918752837
8.062129839459159E-4
0.018608200554293016
0.0065557689750871135
0.011121054886434863
0.20477632642686197
1.6505914120357174E-17
0.02458325340628172
0.06959976220250037
0.011918657612866425
0.07639493249241996
0.0352569477165688
0.09659320032495418
0.18028538868542018
0.04873764562482891
0.023683803834738733
0.057653409075812144
0.007551333048233154
0.08758228595058731
0.01731445606854996
0.028266363930644894
0.008131714187008688
0.0031745373228884498
0.09997193019530429
0.0982160269835545
2.8766716834241143E-4
0.04081797973860502
0.21050123012830024
0.06557407481674477
0.01674059149591575
0.04413730644060536
0.010997019298893813
0.021107105700448183
0.1280196312739052
0.07647746836381707
6.541543750588603E-18
0.041498660539098765
0.08204200825536413
6.546688402336885E-18
0.09992903528963264
0.07527123249988214
0.011391810471694566
0.029922965485858256
0.08936769055747526
0.05936339479512475
0.008504894906005186
0.013744062483470055
0.10451669000033406
0.03966907036152361
0.04426100159988766
0.11324451592537321
0.023800595507260984
0.20246703743664912
0.09855184561899065
0.01807246658059704
0.017329109504624744
0.004300589128772712
0.025963704958665512
0.021676317708808807
0.07716949459767668
0.020612969219436134
0.07049213031574891
0.023999974384796605
0.005026723005975428
0.04577121047421217
0.2111997638964784
1.290827189416212E-17
0.014902465629519265
0.023302627049365195
0.03785093190965333
0.15412540139046338
0.008471228511020461
0.05568045980347579
0.039425783609644
0.02396929804138951
0.0010765948310482321
0.11299287883645452
0.05542803703043758
0.07051261884027417
0.05076859046432079
0.043225229483982934
0.07135484292861619
0.05603634355258787
0.07915838966028714
0.12016507208988493
0.2046408967909189
0.01969117756762713
0.09891701653757176
0.03302008535293705
0.03670326059897583
0.029247366986647188
0.20534901762979133
0.16120703732820368
0.0601757554362839
0.0011911545276485135
0.05911270098528645
0.05675744703383654
0.24563891690605455
0.10683297293855021
0.07141444177972466
7.684297647005229E-18
0.032761867366962225
0.1267595813859719
0.008784815807224169
0.040326317985039634
0.005025087197240979
0.0037575500444907498
0.03510119252862999
0.013584175691406774
0.031056802521820446
0.030363714313083226
6.175851902999302E-4
0.040500059471451216
0.026153247266148164
0.03906597717128976
0.022277494801082064
0.036540601551037374
0.12351421894117014
0.0033558663177330737
0.02518727921926302
0.09142932663397063
0.006132585514163568
0.04504323579063544
0.08566838089751135
0.007471778050507078
0.33887927437088733
0.0472502798200263
0.01642111882759584
0.015472867440375
0.030424332858233084
0.09400050482822932
0.028832428466009377
0.11667420914201884
8.904309774614724E-18
0.0031815921730291505
0.026590116924612106
0.044841409809534445
0.07789095630349537
0.04477782845564427
0.0127094774615005
0.04587665773433897
0.10645953781413828
0.0709397016585276
0.02146502615277373
0.023362334122244165
0.11729704972453406
0.1438717922882485
0.09213775106421696
0.15953143923216279
1.0110926971677246E-17
0.08134472863409897
0.020036055479653873
0.028913281108197936
0.20385673273419397
0.010174149675701741
0.0050760811912212
0.03163743028977002
0.17085073987000393
0.017697281424562825
0.056642096656599736
0.026797872596434687
0.017164067205640184
0.06496946502974099
0.0253710570420397
0.09018581130892143
5.702590809370893E-18
0.021305409524466187
0.010439255358932371
0.0785793788144701
0.12360941342570173
0.0761378978906561
0.16700019926392679
0.08325633591096958
0.048541940021061714
0.026455076176508704
0.06149081502252828
0.001171835282240148
0.018730962040630388
0.03433973699404597
0.21575433177646036
1.0123429033196166E-17
0.12244346732692413
0.1779679895745387
0.08687057331436288
0.08612153673294148
0.03861797070736931
0.05816324399134856
0.0035919152061689883
0.021967566219714182
0.02029444479387169
0.057240162560616384
0.031062178668937637
0.09693895931693298
0.10636799032249494
0.03161049744760752
0.10776269912864175
0.09273647049590329
0.019139921232105457
0.012849493262548365
0.005678217991699838
0.003153309436434872
0.08279541926231442
0.03666809823492223
0.12810353698387233
0.011890818425268804
0.024315696445063473
0.0165664907092
0.008357331956533374
0.10186425992150216
0.034549416755995314
0.018653305488163262
0.07970042299633834
0.10420400047634619
0.08320360494295459
0.06475459717605447
0.03687490643933161
0.00955682921612961
0.013930858065703718
0.04766573609549182
0.11667779961032697
0.05096846662510811
0.0028806012271798435
0.06433796393104863
0.3412541533915146
5.039205032096253E-17
0.11244419089166835
0.2010581384259318
0.0791211004991767
0.06528137898867178
0.005861642504284063
0.036402263667545155
0.048976916791712635
0.02768132831069196
0.04438855044426098
0.10327476432941146
9.308087457714855E-18
0.10380009872366953
0.24912727148869082
0.22737638614845937
6.608101302752358E-18
0.04912984786549875
0.06173326953789551
0.11343781409706015
6.761568542120145E-18
0.006364192827638093
0.045548951976402366
0.04080885744397547
0.00973872505614634
0.1368031445296581
0.018146969447097934
0.0012564183194839237
0.02009446209361857
0.007208925152882798
4.29877389333177E-4
0.06148624632663804
0.055166801155055206
0.11837249985936162
0.04341861617614882
0.007427997556905803
0.03343899514380029
0.02767811303827558
0.27679102206326806
0.05001877946251315
0.016947983302878063
0.0059092431763122085
0.07354690603142448
0.05899130924509119
0.13428215247583133
0.006179078261355989
0.030830044739273792
0.08297356388513796
0.0025602719385554515
0.11917570324506192
0.03745664926957304
0.01681013386750984
0.04464403345396822
0.053045630336100165
0.04301019735749804
0.028239854209312954
0.020802642369992658
0.023192814731746128
0.28234704769371083
0.25700401247635146
0.04968823763409239
0.4401785900093209
1.5066691472124978E-17
0.07082681101143291
0.05984994259729008
0.10846449515325902
0.059135805739345376
0.0690586798035596
0.023469298579642667
0.019290936394428346
0.05747018649431287
0.06430321512667028
0.09061735153515386
0.03837724463245227
0.010836819243477376
0.012515050314893686
0.00658112347756291
0.06012458937154193
0.042576305906370925
0.004604893801430823
0.0188945010798149
0.10852020602358806
0.043995481382329886
0.07247318049322919
0.04346503741887776
0.15513648410186281
0.01726282408925783
0.11865056945955407
0.13475561866735647
0.024652138995150372
0.054144373400316234
0.09346425117724189
0.15423885261793313
0.012267523471463834
0.008612915598030695
0.07857661860298645
0.053624618952104554
0.15075145946619528
0.016071274347717983
0.02470014757817719
0.01843126693567709
0.02999653234681332
9.354931012304366E-4
0.008189772854809886
0.020472630422800592
0.013565698288013496
0.034993396793497715
0.028770035404944914
0.018405101853484113
0.04563873092699407
0.02270001849443915
0.004613167940574805
0.07418765547466301
0.04128112140218307
0.014265952723953075
0.22776516288989287
1.1177653582276984E-17
0.2153719211365463
2.0823319074722414E-4
0.05243433562688837
0.03325150317941626
0.08921321993234829
0.16120469517737254
0.01163823176081506
0.038120968358492484
0.07754826717975079
0.03210470778404487
0.03896621109304333
0.019091979921429497
0.0351912136242971
0.011975026340716887
0.06716348117883131
0.016967268981377927
0.18026956667343563
0.09264121789711713
0.023400103722544127
0.019712694020953825
0.0241688265144254
0.0367000196926477
0.12316332087341174
0.01091077502920427
0.008458150310802407
0.08029713581893241
0.0801030791674311
0.03386191419278728
0.05341213448164296
0.2765140998206324
0.07036037062303312
0.002094977242373329
0.02703974400160009
0.0695494046982768
4.621372845530261E-4
0.057865415995285614
0.18845926611901384
0.08663678443247684
0.1029168705755856
6.848114264718932E-18
0.050522414830189745
0.011655233385124268
0.08342708372416292
0.03325093756110531
