0.0
0.10278658269298353
0.15637333707216816
0.24596893362223335
0.2508780118209475
0.4480136361235218
0.5171534493802561
0.517740145604423
0.5647862777135174
0.591259304851427
0.6197282520991182
0.7138223495604291
0.7884669588891609
0.9094696479025173
0.9608486195580349
1.0348994161975595
1.0743950874864578
1.1872626119050527
1.1931886047503906
1.2023007726277968
1.2292905294378544
1.245911713302477
1.272812979879883
1.2833963551927217
1.3838206018581505
1.408067658232735
1.511277330788413
1.5720463282479078
1.5941238262634996
1.6247852250781758
1.6699105332503363
1.6764692898364884
1.6972405876797936
1.7492189475511841
1.8110668891226014
1.832938661325807
1.8460516195029404
1.8509291195880926
1.9501319098738308
1.9511402329509475
1.960863275605376
1.9686974860893878
2.034479962313682
2.0515677498910194
2.1192331138036025
2.1232835392401226
2.170112698168381
2.2171621521315776
2.2270897538039436
2.2382127432655796
2.2635172906116106
2.4153098944965725
2.454125213966831
2.503153189670131
2.5100473886088595
2.53247340993945
2.5531277170513875
2.5854664489945396
2.6113719912453988
2.6301204913348237
2.7708816931318005
2.809267183359706
2.8178147337507746
2.8417524109420014
2.8471952774855627
2.879568966507503
2.955774867695882
3.2476209874147073
3.2517400295866468
3.312849375203671
3.3819469231498354
3.5239598267971974
3.5239598267971974
3.5739030803695555
3.597421163384305
3.636905224727211
3.692256312950197
3.797714552950585
3.806771030540185
3.847162553158203
3.853654101625198
4.000068420680612
4.143195508625739
4.357675258921201
4.594495166407566
4.612029223785495
4.708659563047834
4.730289115313349
4.738121510739151
4.744296728842224
4.771152193440261
4.8879548186927995
4.914940776698746
5.005072145442207
5.044958084938964
5.048772809868149
5.049135426291684
5.0547750943476855
5.056787187171981
5.061066504130647
5.104385230113054
5.114417166333743
5.336585789837619
5.379852929987749
5.406529834690491
5.4288672742311075
5.438234379292215
5.442772911498716
5.481110670116415
5.497023524669797
5.49981403671503
5.514066556952037
5.529284756742137
5.585706824194794
5.594519854552703
5.650691657231936
5.793931478954832
5.813049743767304
5.848931479178395
5.923137755985534
5.9658460084470635
6.019974652155209
6.063893503585493
6.082888535794415
6.161862403798321
6.179254435822207
6.247229584779431
6.382514266717085
6.538573555240945
6.6205783510975875
6.6934020331986375
6.735888048967577
6.84290628706941
6.93073778766846
6.93073778766846
7.090823612610735
7.131377019169121
7.385362828001632
7.388592760980515
7.459951674621751
7.571080946555604
7.650713963648065
7.7768082203754725
7.809396502313958
7.846109362600772
7.874892315456058
8.043830628441556
8.043830628441556
8.056256666118513
8.066680278855616
8.230261864993809
8.355775989576914
8.434514316815049
8.452227233173534
8.551979599788192
8.56433474122972
8.600536441866282
8.864620814231616
8.864620814231616
8.889449852428072
8.943545282573933
8.943545282573933
8.952704808670823
8.981231624475988
9.068375898186085
9.068375898186085
9.106052299513316
9.115506030749799
9.203078770097147
9.303824225494747
9.349488663596679
9.425495692587072
9.515750231294358
9.560464803212287
9.667677637242623
9.722143076147022
9.826665939499122
9.841767302690123
9.888039981382972
9.906673669424398
9.968179036299482
9.990801840279302
10.00573798896213
10.063513404575737
10.098753404546056
10.110080922855724
10.35550821910798
10.432082375427665
10.494452500778275
10.50824238904062
10.535522884123464
10.547096812479959
10.650230813845743
10.806553644032926
10.99837032347907
11.0255465017259
11.052497456769625
11.341666492937764
11.37066538330211
11.405520362248078
11.491975357841852
11.523227793944958
11.52579769448287
11.591614791678072
11.624940276256238
11.624957007561848
11.668163101385492
11.712118632894668
11.731598600264832
11.747369556250232
11.78695305537398
11.934878584763819
11.934878584763819
12.03862143375884
12.075431406183295
12.10417790232916
12.13004339450827
12.154412145429605
12.252530061111303
12.252530061111303
12.442341432099374
12.454418199928433
12.464425503697688
12.602903559078651
12.678566894169972
12.715734888672957
12.835172298261663
12.839078127873288
12.855509387694635
12.92432222434083
13.083590194172311
13.117438663849933
13.117438663849933
13.184087970469738
13.339949396242703
13.429484522047593
13.582317139293187
13.584207764506367
13.634877488542148
13.69536278050266
13.80940983652692
13.853382107269537
13.853382107269537
13.86565371275446
14.032963164107809
14.032963164107809
14.0601249147504
14.069300605384207
14.254548493302403
14.306798797985785
14.362237922602635
14.477066544029139
14.477066544029139
14.48840026614763
14.503344185241474
14.509466388449662
14.524211239891267
14.651284862332137
14.655525844922906
14.767425464929188
14.866460736566044
14.88739638937332
14.929020176059236
15.018418806540932
15.052298498234121
15.073767795769651
15.158006280339352
15.188930125230941
15.31611581287916
15.347536644375277
15.447133373372795
15.519841906600034
15.552762906495893
15.652832511019117
15.758375644978578
15.802994307796213
15.813350748352985
15.908325946572408
15.988764899366974
16.055918673312213
16.099909461308112
16.103521919160002
16.134440350757874
16.172662981792495
16.256332750968646
16.363621997858775
16.4869378087037
16.799987017301387
16.80820794829563
16.905533793975067
16.957257857135414
17.072164006032548
17.156669865989212
17.210708018329502
17.21733825391737
17.24296607165583
17.33432187948128
17.511948292835815
17.533302036480308
17.538994005721587
17.55305582621904
17.565547545167057
17.690505208857296
17.694421786204447
17.70236050424334
17.76010178315468
17.7941956606551
17.88752042412015
17.925599192380947
18.019629085389774
18.042789917680306
18.320986504818165
18.383000951688764
18.43516819348768
18.44445593210626
18.536771975860486
18.86545083777024
18.86545083777024
18.91905829910692
18.92268445185335
18.998001485708762
19.01983261021788
19.06293972731209
19.085886808624515
19.136321721959888
19.158009125739095
19.350163511241806
19.38995437352331
19.408220506032837
19.439087699355035
19.53561938299133
19.602008790134136
19.69422577506248
19.708004404949417
19.72188209779946
19.734300297906735
19.737845174938684
19.76605479252167
19.965132822188018
19.9715254557853
20.011403425291967
20.048902622333596
20.152357287601863
20.224822603953953
20.23810071944213
20.242989220033294
20.335314669905483
20.404769247923277
20.418638546936872
20.43847371361816
20.465516353886674
20.494189443582695
20.51182127150224
20.554168446979915
20.574975656451254
20.833825042467033
20.855289561438717
20.857833737330136
20.953491225468774
20.953491225468774
21.147792449780187
21.157771621850948
21.270785900187544
21.274590150319302
21.306461752144465
21.322238848337562
21.48719759436988
21.611103268921934
21.786068834477
21.820025944008123
22.022643474648223
22.022643474648223
22.045683114960394
22.064260000072984
22.073975969866588
22.09166573987306
22.14560219929931
22.192721997376857
22.256124340100744
22.422092954773426
22.465444755026326
22.46690524035033
22.466980018783218
22.53820476469545
22.592432500460685
22.66419853470208
22.680294715925164
22.690006672534267
22.836621595719745
22.839404462035166
22.86078499371092
22.8781828614027
22.881175176346417
22.88976348524526
22.904001325799978
22.947345340334337
22.983727629732222
23.296415838013566
23.463172021894927
23.488173078487858
23.596138908332374
23.649307550423355
23.752145929525398
23.7608731259258
23.765401611406677
23.87996834822974
23.994181325231256
24.012854730469332
24.081755854839244
24.19076789668935
24.205662401146494
24.223848884574757
24.23097044877547
24.34647855608532
24.405756374011098
24.45433647004577
24.56317728290602
24.5700613101708
24.58403450400626
24.60494031798267
24.85430972254116
24.85430972254116
24.997122356322446
25.122051006478227
25.195854971106726
25.225657633599695
25.267575350538554
25.290963216076698
25.520148410575604
25.588900398203815
25.647300832683666
25.843887983913703
25.843887983913703
25.85584471473005
25.95354166091292
26.03431708656004
26.189548228649993
26.21504370956031
26.221076644673037
26.225407536405324
26.247872578023422
26.329576491495647
26.352584592402746
26.429445403111227
26.625661472000715
26.658245882368288
26.761886393749815
26.867100920893503
26.880839875546336
26.951811628524794
26.962562872339134
27.000545567783288
27.00901294577173
27.025431840780797
27.14082678496045
27.222469564523138
27.375864482030142
27.430949025558142
27.455425005802592
27.46852672326161
27.547133194515972
27.547133194515972
27.55946020473754
27.64355766343819
27.64355766343819
27.64965192929736
27.673728312311113
27.77056596557577
27.77056596557577
27.840593309725314
27.878043367640593
28.05535115829816
28.33113718952558
28.377112063450134
28.395984723198826
28.398869195448906
28.631813363600877
28.79177278742979
28.88373572135641
28.942391943105832
29.164237108525185
29.179469911426988
29.194623412254685
29.302852849954803
29.450474895580466
29.51587739527766
29.601263363464835
29.609907826751385
29.61547109447987
29.670792524198706
29.676281348793232
29.798298126002514
29.86901254546709
29.93178962269765
29.95648542615264
29.978962219450082
30.103966661828917
30.191175682661587
30.271774562488513
30.28573908698184
30.343942249108792
30.34852859339796
30.50575447653609
30.515696293349787
30.570418500389422
30.620856474154493
30.640022866842152
30.670131078180844
30.88513556504071
31.0096226177467
31.0096226177467
31.032450355113777
31.037480703996536
31.07060676456603
31.074641290496736
31.093695518971373
31.09576564244465
31.204208368591946
31.204852052643165
31.28031256561695
31.365600352418685
31.509059048860706
31.509059048860706
31.630599414147454
31.66188377802881
31.74475869846138
31.74861036220513
31.806879843978965
31.833460097328505
31.913332684757993
31.913332684757993
31.94658746175939
31.993753569333936
32.00428602369222
32.045554348684426
32.07084857493967
32.19059161364569
32.239724252414874
32.25457532952749
32.25931256850234
32.27344945182597
32.38411245615678
32.389851635718955
32.41930456386794
32.47634966540565
32.49310666528933
32.616687947162475
32.65172135391012
32.73649682453161
32.76047648555823
32.78521148393293
32.80463577281789
32.86285886697191
32.868550552015655
32.87767550392827
32.88183770570408
32.94801038792292
33.07751833489155
33.09427278156935
33.120073731702924
33.20063273966881
33.20063273966881
33.30132348727548
33.30132348727548
33.33610708653243
33.404622416867255
33.44325824306763
33.48550547450311
33.528554341592056
33.569164739998314
33.776426790295915
33.8202061367782
33.83164331422275
33.84395649822932
33.87347953240411
33.93119311017047
34.0485766535859
34.17273188315412
34.17959455903993
34.3276343361893
34.46339488204231
34.53367589380021
34.55222660456881
34.577252032799095
34.60461551816292
34.67173765337633
34.77813585623784
34.77813585623784
34.84309170787723
35.08852745273532
35.08852745273532
35.12854028091792
35.2045143519544
35.324076428870185
35.44370234316057
35.44370234316057
35.51732220190279
35.52989929977654
35.75003649775975
35.754479611061065
35.817608275799415
35.83709538121516
35.95267559361898
35.962879402726465
35.96413532805818
36.071757629761606
36.079249927938896
36.09080245073188
36.12204018010728
36.14017927760119
36.150063603951516
36.157596273173475
36.264554137585314
36.26917913623073
36.356259312620004
36.393140416990605
36.51280809352526
36.594293971810515
36.6008977927378
36.603751012593605
36.62539481315913
36.62969904033984
36.63990543357245
36.65731446751954
36.722740328669275
36.81515961672025
36.81515961672025
36.82730104454852
36.838431747380795
36.84016743006638
36.89530106890066
36.90089946379142
36.9871449742324
37.03602872085734
37.03998025902042
37.09824296204247
37.14321703123993
37.15172176275993
37.28261052573555
37.303533840328846
37.508796964680634
37.52685677089711
37.57342028363926
37.59509113758552
37.60360541870834
37.6280619067907
37.72530695965482
37.919948979455796
37.94179135721768
38.17966195108024
38.21610716554835
38.26921034752454
38.276490225668624
38.38171639507138
38.40430910353135
38.411952154272775
38.420528713972594
38.42304067669905
38.423870758947324
38.456965890631494
38.50595880537646
38.51792045688678
38.57324325199095
38.61251222787907
38.663005940755845
38.680838605081654
38.72791078979156
38.767010330932564
38.83521861847293
38.86921349784701
38.95037226539242
39.10741767408838
39.15863735675158
39.21855045274264
39.2196047449077
39.244069903647215
39.35867651481731
39.39809529579419
39.40306578813529
39.61053263066385
39.61053263066385
39.77678298284324
39.85195257071976
39.89518534078188
39.896481981907066
40.140602551690264
40.159037342017584
40.241166689419046
40.26125809292353
40.31744793046966
40.387840461102186
40.48930150171809
40.52888914582049
40.58823614318006
40.64534324176802
40.64932735551264
40.78365658222119
40.824181148733864
40.95290802083003
40.98318823083883
41.115970653036136
41.202776288577724
41.2596709595939
41.38616571851634
41.39822946652663
41.486136104516106
41.57181732856168
41.57994012598274
41.60749890303798
41.610035566738524
41.6101674821379
41.656830502872495
41.663952007766696
41.69396890225266
41.74488314233034
41.76582478754333
41.769096033208946
41.81135658636074
41.861802824310885
41.91995003440341
41.9215027674661
41.956486919783295
41.956486919783295
42.13721260795933
42.14037252987333
42.141999443728814
42.172595947374056
42.204754720613856
42.2063296930738
42.50114137858061
42.81018831032248
42.848568794451324
42.85512497334674
43.00042888752854
43.062640905440425
43.08090881382702
43.12932444511691
43.16842426517666
43.21903057512552
43.26635221012745
43.29278749589068
43.32874540260376
43.341338897807795
43.388530357655895
43.39488775074282
43.44592870347904
43.590931133255154
43.59373906286399
43.61169756283331
43.62619669109469
43.695264599081234
43.75981726448554
43.88270152007735
43.921915411560626
43.92984782286007
44.06746068740965
44.17269185202949
44.177510601719646
44.20216399803439
44.24977545084239
44.25145350432765
44.288521444244296
44.439154806265925
44.66827446239958
44.76767212327507
44.81506567523984
44.82406091155757
45.06537273704644
45.129935883912225
45.323463611905694
45.4092810832866
45.43308516867189
45.554298638821976
45.57040476943538
45.61022590045458
45.61739439518977
45.62456917311662
45.70540446066579
45.79558895279371
45.93107964094046
45.93107964094046
46.062394018896846
46.112843481269664
46.14678907217255
46.230254964109555
46.27394279610009
46.27595746427548
46.28890198658778
46.30085939878829
46.4220069634254
46.45006722510933
46.499518432751984
46.59542458126715
46.60824198450749
46.73293889965528
46.76828504283902
46.76866727117914
46.79389920219417
46.82772147512026
46.871740664711794
46.88133968393673
46.94787239172042
46.98180206577933
47.09400019382077
47.251106347714575
47.40025145955755
47.40950467982476
47.43441468242946
47.4372117220857
47.462444052402745
47.47553629445934
47.535209270110265
47.69439921679738
47.69439921679738
47.73711181167957
47.8014689693205
48.02366026724608
48.08336225939249
48.08495929867893
48.12053834908279
48.19714179483601
48.25811193643292
48.41889203045093
48.44635035495912
48.68133597531112
48.782090997653796
48.804782929798456
48.846984238433436
48.864227270598896
49.005295311674104
49.050784078140516
49.075421362589935
49.115443583599834
49.14936046148965
49.19619571235187
49.224985890175475
49.24149982504614
49.477468698254
49.72784621457416
49.84597956271424
49.87559791120392
49.96927146904567
50.01837625916006
50.077194830529564
50.09494233353221
50.12906567691902
50.380161715043
50.46394178383089
50.524776450551656
50.68049950240258
50.68049950240258
50.78872290944627
50.78872290944627
50.85509411066788
50.89207760329122
50.95340881899709
51.009527168439746
51.095455240072525
51.2335388361007
51.46759934224318
51.49625074599772
51.49650882283797
51.50643004394324
51.5550885987314
51.62235668977279
51.76415124989728
51.76415124989728
51.80667381432331
51.86040413793651
51.921913636542214
51.945383601436546
52.165718333502156
52.16739883493373
52.27499017678076
52.301109416460484
52.48383445466
52.48383445466
52.502483674023495
52.522157383327865
52.67153497505704
52.67247123869524
52.70211456404723
52.719520488118825
52.76186118171872
52.77314178579963
52.81867325010953
52.92424050987352
52.947152982249115
53.02296308433642
53.04463099648444
53.09386539964521
53.09656773247075
53.11470748372006
53.178857506670255
53.24764027253165
53.44651716282
53.631124735702656
53.678602442909074
53.84494921721298
53.8498772256743
53.89408096039039
53.95088627257669
53.991585604489885
54.01706317514229
54.09434685587469
54.16334015186825
54.31412194787291
54.46639755418014
54.61564036661308
54.65181420423164
54.80714594884091
54.882593985009926
55.0002947553574
55.03769410604053
55.071026788015764
55.13247350502892
55.28269504380422
55.32013749979985
55.42510759503477
55.45688183047878
55.61031241262554
55.61088293287374
55.62595852550283
55.72172512756808
55.73713468435235
55.83573577638304
55.88463846780769
55.89897587589782
55.903565760014374
55.91685869992856
55.926065834731745
55.934251615578944
55.935107925825214
55.93658280164009
56.12366391414675
56.21050792917902
56.277358583820806
56.29319771992337
56.341045976534
56.352954864238775
56.46407060503691
56.58846870086648
56.58846870086648
56.646962815857876
56.65450774164704
56.663953967613786
56.719383042421846
56.766526660092794
56.77444070311074
56.81711455405166
56.950358742412035
56.97644388533201
57.143105010097216
57.14900906733034
57.2198167606381
57.27157343776047
57.419031358931996
57.516479250644686
57.516479250644686
57.634877969970574
57.634877969970574
57.76968964859751
57.872167562492415
57.99814303351679
58.100268698170126
58.11932875425825
58.15076597759914
58.1594784016311
58.16247661757486
58.17882618994167
58.18982927874604
58.194776648979904
58.309133902640255
58.32594715905225
58.468680105660646
58.49611450678012
58.66762127368873
58.678053876536296
58.784940979545894
58.89094235886988
58.904137572024396
58.91764362170121
58.93853044271132
59.34377461819517
59.36993990043942
59.37075577050685
59.39302165228283
59.45027243627498
59.46563775487525
59.51092522466027
59.52395704253195
59.65881256846122
59.83402059783147
59.900218999871946
59.94367556699712
59.98946264990228
59.98949433975669
60.03079460048208
60.06809916862921
60.117498569824676
60.11907530636166
60.171937530516274
60.499818108681275
60.592598768152826
60.664562575788345
60.68442298240973
60.844419888384785
61.060976225145765
61.07924533179959
61.14740862352341
61.21541811471545
61.217324424135064
61.28239070826399
61.32970682538675
61.353338514640825
61.407464832700406
61.4090455869015
61.47016018477563
61.585980446727916
61.585980446727916
61.900629457312476
61.90827505997238
61.92494676059421
61.98253689886852
61.99989248083817
62.11636787158513
62.19114986551525
62.2246352940167
62.23201181601195
62.28768671688258
62.34527430358146
62.50770891008858
62.67192982307072
62.717027688938295
62.77270026042657
62.8047192628711
62.839529514543536
62.929481514107316
62.947025367135865
62.97597916531314
63.01580821453005
63.017846934253534
63.04062970307187
63.159855431306305
63.22907066620456
63.27525009530214
63.279581071633096
63.35020124794269
63.39198297752426
63.46639928523259
63.4851091240196
63.53011046753133
63.66597159547078
63.72652775741749
63.911796338409964
63.911796338409964
63.919728336406344
63.94081458229707
63.99589639870246
64.00722910694053
64.06106382828337
64.09121027734153
64.1290592663924
64.26803197622179
64.36269594861349
64.57230441705526
64.57230441705526
64.65686189725997
64.68361517413959
64.74444439560826
64.7500936177589
64.77550522707435
64.77632383146586
64.8046586308219
64.84124917317065
64.84143052750292
64.88248182123294
64.89404444286848
64.97912942499902
65.02982808245295
65.23682578057675
65.4570061963301
65.5949870039101
65.5949870039101
65.61051799290834
65.64867485867799
65.64867485867799
65.65223616033663
65.83445976080164
65.87766463617439
65.95506245052437
66.10755040960912
66.15183624682773
66.15551449420968
66.17499633311809
66.44746954981213
66.56382245059768
66.57363809029299
66.66444830555636
66.8072803820933
66.8072803820933
66.84294549116733
66.8534359285305
66.86705111048225
66.97532407392947
66.99551812560141
67.00420590629875
67.02964277365619
67.10000877910163
67.16604701271686
67.16604701271686
67.25764218821509
67.30260015739516
67.400581273828
67.445211974071
67.53921740233864
67.56233261254542
67.74542408980938
67.77608003404559
67.84189376363186
67.9769964762301
67.9769964762301
68.02723350267891
68.22114677489513
68.28586330438023
68.28917615368805
68.32626663977915
68.36777008633796
68.40794032731846
68.59866288431525
68.60108428763466
68.66704925720725
68.72828596680145
68.77823406267332
68.7915010966296
68.80641511665101
68.82140589256863
69.01253936235841
69.13597771486005
69.17431300578936
69.20547430820825
69.27896794704336
69.2968839290419
69.41272406432834
69.64002679606196
69.64002679606196
69.67030616763033
69.73226436364035
69.80092093287757
69.83125465907052
69.86833861016832
69.87849635784742
69.90546132308354
69.94339648859409
70.01300337153305
70.03335194748168
70.0337734304606
70.05032141321276
70.09019463651151
70.17637481797806
70.2167515399515
70.29916077225971
70.33656996452352
70.35318444420419
70.45320156263166
70.51321804247787
70.56919678918979
70.58908292348622
70.60534464092395
70.75384107180776
70.92330566496149
70.92330566496149
71.02561334856762
71.03425684694193
71.15040574385968
71.2327869426912
71.23970607416967
71.29951346513587
71.30444382389668
71.36306700184458
71.4053834552919
71.46167817519056
71.62318513178762
71.62895119457943
71.68845447285439
71.75364313177813
71.81554066992344
71.81767520819653
71.96403367564027
72.03283715198023
72.1368917040661
72.14003340836621
72.15948506945142
72.31592670859528
72.38420901972677
72.57426750853604
72.76846636174776
72.76846636174776
72.77849556079642
72.80055484312969
72.81080220605719
72.84521283996683
72.95530548173322
73.0060431490645
73.08271979930193
73.23004823962631
73.23943300879654
73.28742243659414
73.4163116743892
73.48420785864313
73.54094358098448
73.59448008603675
73.59898481175055
73.63072677996061
73.80072606556047
73.82392404003738
73.83702197807452
73.96145380489737
74.02922888950843
74.0346026992616
74.04874656972754
74.16423656777462
74.18953103732304
74.26731444906031
74.284196660048
74.36454456003426
74.50296746532406
74.66362931666217
74.73560104247694
74.73867471597954
74.77217352376759
74.78411547785997
74.78913982567049
74.79901209925639
74.90889853644418
74.9148247510759
75.05791689921733
75.11683727964231
75.23880833698912
75.31061592599026
75.33876082227982
75.37669867847589
75.38388348429017
75.42895506777896
75.4736621755537
75.53348355028757
75.54176838994469
75.5537622172997
75.60077732238837
75.62211645678588
75.73233103483247
75.77555648855225
75.86709376704286
75.93345953360526
75.96546622449773
76.01688835823975
76.03640134849812
76.18837758557133
76.19886664458801
76.29087692863084
76.40888311643107
76.53343243016113
76.55175181333796
76.62474403491134
76.62474403491134
76.63240575005405
76.69170052896867
76.7371379775089
76.75707747144885
76.80092648122081
76.80619504894919
76.94548902563933
76.98496799860604
77.1776948945227
77.19668937024049
77.29047188401034
77.31480515642413
77.31888231119723
77.33243600261515
77.40763120282035
77.47348105998371
77.51152736673258
77.59097740603352
77.61573782429961
77.73060006524051
77.75263261467435
77.75495097550447
77.76731952733697
77.77107702086835
77.80972724804225
77.8593886867634
77.90398371611417
77.91691426758959
77.93894600784938
78.00542888737064
78.00542888737064
78.02166450733608
78.10006890835278
78.17503275446755
78.22385639456031
78.42850172642198
78.44045234385432
78.53132909924604
78.62146922094573
78.73115836474005
78.75110926746311
78.77638027285973
78.79108292116263
78.82219549690404
78.8355315331395
78.86990831647717
78.88632466909257
79.16089699224322
79.20832134860457
79.35541108147102
79.41441634871697
79.54953188361276
79.68401413809569
79.7957561406284
79.81073898875651
79.92341013354502
79.9428261866886
80.00122738978166
80.02578353803626
80.0282084226713
80.04431987660432
80.04993858345962
80.25303690446111
80.25303690446111
80.35529071514648
80.39992743816951
80.43404318222319
80.46492081968363
80.52230867766887
80.58142570016398
80.70264657507427
80.73962081913066
80.79644008874841
80.80316243065026
80.84331824200534
80.86025134093154
80.92517960914992
81.01129298093515
81.03578545833925
81.1470608205939
81.19992756931985
81.25695861560648
81.29796538469074
81.48758576303203
81.4922441015662
81.543458777782
81.5774192836791
81.77532907788434
81.77532907788434
81.89652228455219
81.95248267391753
82.05720062803279
82.28557988117507
82.31176317624266
82.31731141430097
82.36623304347104
82.51145651063139
82.57269921542596
82.58925933860394
82.6543716743492
82.6577910686524
82.75422429378912
82.75688698972394
82.85546008270306
83.02818144703065
83.02818144703065
83.03351562924718
83.09955071893307
83.20485275009557
83.27725649369765
83.38304427505491
83.39811953748263
83.41156664312048
83.43617772240378
83.51344176163049
83.56542860824702
83.6337361139497
83.6337361139497
83.78718943834339
83.78718943834339
83.9330177588048
84.05460250781834
84.08397691708332
84.08402186951139
84.26422255758983
84.29590483632234
84.33254765124414
84.36584810318857
84.39931893261966
84.4079237548717
84.43770477272086
84.47637479917589
84.4788691682415
84.49617031047367
84.53285559692847
84.5997551134718
84.62939696046065
84.64120403855671
84.66270611588888
84.70839863441337
84.73918316345453
84.8939645704519
85.02004537305216
85.03217711766096
85.06573353594789
85.16910355583697
85.19314705085152
85.206794237851
85.27006267225089
85.34392027965657
85.38484516522892
85.43536232446104
85.47712838900341
85.6935809642827
85.6935809642827
85.75650356848988
85.77669442059512
85.81759137758158
85.84452546181761
85.87719527395492
85.93943496983137
85.95269509339384
85.97175010419224
85.98667283927304
86.02143092622302
86.03692734234592
86.22975560109805
86.43894583752919
86.50725278244532
86.60020578170503
86.75544098163317
86.8299143572471
87.0230711168206
87.03884452807138
87.05742547307621
87.119257198589
87.21849142100456
87.27043874610483
87.27253161832394
87.27554894077119
87.3060240656507
87.41793717673734
87.41809666114167
87.51254476124198
87.5209658333345
87.55054552032448
87.55531852555059
87.55821686343218
87.56609918718584
87.5670282452855
87.64817403077619
87.68512927622803
87.69835966871374
87.80816629161598
87.80816629161598
87.85901241236688
87.96929056238446
88.01190789851447
88.0277394525903
88.0832605431684
88.13103605688654
88.15056307851526
88.34011595678056
88.3912657966372
88.42937061241058
88.5616624855164
88.63067173328767
88.69286907074309
88.82078998152748
88.94293594673192
88.99263204714177
89.0345007913461
89.05213717184432
89.15030012841098
89.17542025326067
89.22231191573387
89.23068491759524
89.70084769426401
89.70859530669874
89.77204888564016
89.83417886489194
89.86761795375818
89.94820600327786
90.08161673370122
90.08161673370122
90.20227337492939
90.26729814076886
90.30821098086514
90.56466734379512
90.56466734379512
90.59704410081622
90.71693661259795
90.84431667402181
91.00948346882906
91.00987126312742
91.10328918141755
91.10399080521643
91.12557254334365
91.22334634041707
91.23644819872008
91.25102053966111
91.39416338531579
91.39416338531579
91.4689972083392
91.48590858616322
91.64608637776719
91.7765051735222
91.98826598112106
91.99471809229996
92.04061330228802
92.09119953168549
92.11793764520937
92.16469174949954
92.17882807585636
92.20394995194162
92.21166827522839
92.2341086326938
92.26642889423404
92.33966241664314
92.34984462447325
92.44175705412427
92.45330895785936
92.50887568261834
92.5704773275744
92.77615174953483
92.82642629592192
92.90803098836224
92.90803098836224
92.91408808256195
92.98358694181684
92.98358694181684
93.0554653581884
93.06878050847729
93.16523766628359
93.1881657772242
93.23129709885276
93.23417336301334
93.24719594315158
93.2629521496983
93.28246951913081
93.39141269716285
93.40741868597077
93.54262143697973
93.5700409122999
93.63839991534739
93.69242053804277
93.7250678088685
93.77699381172415
93.82754818044832
93.88896993559422
93.89521328854039
93.96114663541854
94.13637429086764
94.19547713166091
94.34549593997046
94.35518595929084
94.4129759840941
94.42280784545957
94.56012451417502
94.66676251100253
94.6670897726148
94.7357817639449
94.7357817639449
94.81230921258577
94.82640640047458
94.82766726117384
95.01305012749025
95.06359937440257
95.08755256938497
95.09134793950474
95.12678290382958
95.29098773273152
95.3325627227375
95.38755479142317
95.50275552714785
95.52781458902201
95.70542967180364
95.72345698224676
95.74372574570724
95.80249881177485
95.90359879011535
95.93024171413468
95.94735236803612
95.95571251006324
96.12994325242006
96.23009106408277
96.23823515284192
96.44795660616141
96.44795660616141
96.46439629697494
96.50160456583241
96.7309881190964
96.7837748581083
96.79033410684637
96.86153374432133
96.87210964186623
96.90399807143278
96.93993336023232
96.9619098216361
97.03389858626394
97.27199635703873
97.33407171153645
97.4177147274801
97.57631961168387
97.58278403677345
97.58782709942581
97.61151989377005
97.78532741471564
97.93323334207953
98.08387791459342
98.11741384762853
98.18056292632441
98.2353168081377
98.30371698816822
98.37696279894757
98.38987775571664
98.39939447650909
98.51028832163784
98.53153082429749
98.56279386321678
98.57445375893988
98.59998449338474
98.61841705013671
98.61960318757657
98.62479982018199
98.72898276482704
98.72898276482704
98.7293561237862
98.85963835972981
98.94268222142811
98.96080993748573
98.98447247311263
99.09945002213048
99.166110067964
99.244868989067
99.38933148015083
99.41372318538475
99.44691913921572
99.62651479016965
99.68916201432702
99.81671152591635
99.89641202509911
99.91921176596044
99.94294212746458
100.06312251152437
100.07766468190151
100.08770940448625
100.14343631238908
100.21501385528134
100.4769831222716
100.53434347866158
100.55826495936043
100.62345665384562
100.6705566666396
100.67800272860896
100.73095883207661
100.74554009188961
100.90958638043162
100.91183419095793
101.0565914353
101.16328369017025
101.21521022549597
101.24914132595545
101.26184923292494
101.26297142341829
101.29487791890047
101.34507775092432
101.466651022054
101.466651022054
101.5593326244056
101.66722031866901
101.67809038697428
101.73864673473462
101.81397141881345
101.94851207194746
101.98898787759181
101.99409209020652
102.01213481591442
102.02680954049939
102.07648780725845
102.1685358953213
102.19034601674555
102.19773017055398
102.19794904047012
102.27421703604071
102.38530658090389
102.39074893823481
102.56034127670549
102.58763199757767
102.59670602338136
102.59838258131097
102.67416483453516
102.71686495011754
102.77145607831237
102.8354474048786
102.87711861460737
102.94277619414234
103.04551562115842
103.04551562115842
103.05393691973848
103.13164941595083
103.25464622997922
103.25542673784042
103.380083876787
103.4305057416988
103.44170020814313
103.52479881864957
103.66176768362384
103.73423234257874
103.78032316548637
104.11215248585215
104.14517504912953
104.1911623261092
104.1975823844766
104.26500946117622
104.26500946117622
104.373091606706
104.4437579339987
104.45104166542178
104.45470029710911
104.58567258211734
104.66776613740281
104.82357968698335
104.8437556277196
104.91564025355018
104.92034503753435
104.95292446754786
105.03011865825486
105.20800713055564
105.20800713055564
105.222317607207
105.23354116475167
105.23940103847863
105.38704808862633
105.44173467288752
105.4968361309803
105.56804969077778
105.5699096158088
105.61113276936045
105.70531461161545
105.7252114273668
105.7624222516076
105.85182630952032
106.29088513024917
106.35694629183466
106.3607872784958
106.50459921398787
106.50868197864206
106.58984454490748
106.60611115864812
106.67368007702589
106.75134256920178
106.78016134801773
106.79763910383421
106.83646478322773
106.88548841683755
107.03768386158622
107.04917042192614
107.06694239221541
107.14019626685406
107.19019695433023
107.2508809707541
107.25922238700198
107.29101737001288
107.35267936679772
107.45020429110417
107.45020429110417
107.51061378331686
107.61549873266851
107.63025833148635
107.64003669190765
107.66332274413425
107.74864009428028
107.75786019056017
107.81527870454131
107.84100802433817
107.87955269525914
107.88770875418174
107.8891241183209
107.92901249660251
108.07431189044875
108.10553630239195
108.11669538007348
108.14932725579717
108.25736958137823
108.2783880102824
108.30836895069415
108.36271258030115
108.43736823773338
108.43736823773338
108.44367582880409
108.48133202669017
108.5213691047907
108.52285151156117
108.72319003394307
108.88907092246657
108.91773968190805
108.93633485796954
108.951212967551
109.0145206956539
109.0145206956539
109.08634795653879
109.20246637260192
109.2440682742072
109.30885741670485
109.31506677983288
109.34045891336265
109.62256891990114
109.64437650370289
109.64593193096948
109.7509451991709
109.7509451991709
109.76631279537206
109.82979626126999
109.84569591213155
109.89313373789489
110.05620676785132
110.0701267365744
110.0780332389561
110.12361324348944
110.14351387621238
110.1821777731026
110.27551860641435
110.27746647229208
110.37384108223696
110.4758389467423
110.56222630977499
110.68060140325949
110.79263038293995
110.93654105649706
111.02755618223978
111.04598189030582
111.05546939373147
111.26339844417274
111.35083475949469
111.35083475949469
111.36497790010728
111.4177423156641
111.50303914912696
111.52664688353516
111.62492765193484
111.62492765193484
111.70249258038652
111.78150332395695
111.79643847896006
111.8234868830784
111.87879026746602
111.93547535107375
111.9858267266169
112.01535649037943
112.03225178963069
112.04061351031501
112.04575937495592
112.11310269005403
112.14157925915453
112.24554400255634
112.29067459865406
112.35569449414642
112.46559857967043
112.50153025910402
112.56372867657082
112.59364128407778
112.8418916910315
112.84953832052891
112.90616402625332
112.92539240647335
112.93604177613291
112.96555832824788
113.08683148964715
113.29225588170733
113.29225588170733
113.35347151102657
113.38376147642984
113.39691403993336
113.44921393495187
113.44965435948137
113.49926833829683
113.53283986260861
113.57002718805776
113.65105330924739
113.71878304107575
113.7312085641844
113.87425031455963
113.99463468804187
114.00894599952757
114.07776853020935
114.09666108074072
114.11060268887381
114.23472646793658
114.29192030635731
114.4428624885544
114.58473318423955
114.74910615594277
114.88387550842377
114.89499588344728
115.01217104617253
115.02991926068093
115.05123968051886
115.27948380452294
115.3000024458257
115.31479393752424
115.32144174466369
115.352340371763
115.3997172291044
115.44229071132476
115.49304389693977
115.51873082585752
115.52787623020723
115.58600315145038
115.60320758050841
115.60613876839922
115.66080640760993
115.66435778519163
115.75802974822349
115.8290750215864
115.87448142474689
115.91282043403616
115.92937105354396
116.02541332304942
116.12495780127989
116.401048472485
116.49317810633117
116.53872985532965
116.63599165936104
116.76735888822014
116.76982505975138
116.77225092439112
116.82271924903613
116.83860786094482
116.93051295905461
116.95471071869281
116.9952219255542
117.10362917931027
117.11129360550578
117.35262942201383
117.36625288117962
117.409096853441
117.45864109303426
117.60573250081409
117.63407084306317
117.64775734144274
117.65025204046333
117.74776834864797
117.80176814937137
117.86465307237769
117.86787901619911
117.95298684749481
118.04217976882225
118.15176469821084
118.28798272103187
118.28868746519375
118.46141182180229
118.57849821981604
118.77262003413794
118.83738214365451
118.89009510039102
118.89897823860173
118.94452973203157
119.00442945386112
119.02553867858647
119.12186552591517
119.16793921664035
119.31277207726802
119.32127394278177
119.37822434130335
119.42114700757563
119.4804669526063
119.55315844244106
119.57872517987822
119.61592296971924
119.65346852015577
119.66324278875342
119.68055688389481
119.73563881141885
119.75144503997983
119.84078177737302
119.87459156703305
119.88070523181752
119.92332984163666
119.9357221257972
120.05797422135126
120.09358757321476
120.15343755077532
120.23010974764506
120.24891433730077
120.31619914211895
120.38069789499362
120.47420313651726
120.49663687342871
120.50630800082438
120.51169180408237
120.6943816883849
120.76865855352332
120.82562074617108
120.83998817578889
120.86556168351413
120.95531976703806
120.95826062204628
120.97511142754676
121.01290017898262
121.10271271127154
121.19108148181337
121.2075686960358
121.2203188329922
121.26592635155721
121.38118270418703
121.40922187862951
121.57653999545856
121.59335571354227
121.68957924500779
121.73113708705944
121.79696350532762
121.79696350532762
121.84378801395022
121.85361407317684
122.05281578083991
122.19685017079955
122.40056007825328
122.50006669702879
122.8650718707612
122.97268240517693
123.08614736200788
123.24660795924036
123.24998805792178
123.30460080352299
123.3206851313571
123.32592863476316
123.35085207643205
123.37155362757453
123.38561388437803
123.40976968765737
123.53902836695455
123.69448755994704
123.72707423229627
123.7586361717674
123.76521195910257
123.83660953600851
123.8404311105106
123.86754395674313
123.87574844342402
123.89287305299173
123.99687410164373
124.04256682791006
124.04836612598913
124.05773357918528
124.07157720626707
124.0891367735103
124.12985261705532
124.1752790379792
124.20006259090304
124.32693140143397
124.33635024541296
124.33914915037128
124.34437741607695
124.36275413410662
124.3731846091157
124.47582522323304
124.47844584255839
124.4902193582057
124.5248383657232
124.54964570855302
124.60028065832189
124.64286770911285
124.65259829587295
124.76644898234392
124.7848008294996
124.88863938643358
125.18177346623088
125.18177346623088
125.24728898004419
125.33002227915946
125.35193746362077
125.51685803583041
125.52804654593903
125.53161799852059
125.5458090240025
125.54716927775735
125.65042600302375
125.66386762654072
125.67964898786826
125.76184846695449
125.82322357985481
125.88194169707536
125.89448556073584
125.96100396925743
126.00419822478943
126.0430946732297
126.07642346838375
126.2896506892424
126.32043399143774
126.4482811303547
126.46830706955888
126.56383397328032
126.60139400452049
126.66766533621535
126.68224589360928
126.70908841800001
126.72410724480885
126.73188163090649
126.8199522858914
126.88856950508185
126.94533605428983
127.14522179242472
127.1549600469856
127.25057417678796
127.28243008651621
127.37958768863511
127.40959313555634
127.43693121176668
127.51641110505065
127.65887399260652
127.68708231672584
127.70749579649546
127.78773901316843
127.9159675134305
127.92278245218291
128.07287427973654
128.0774582728302
128.24616913660307
128.30878537265542
128.32670197198303
128.39381980252531
128.49081011023875
128.54607741801004
128.58705371292464
128.6207231154262
128.64529362433768
128.6593289295487
128.7009984807053
128.74826714980372
128.8377298530573
128.84898219570886
128.86059402971088
128.93683557485022
129.06010313545002
129.07648135999247
129.09880012949392
129.11310435837643
129.20856822285614
129.31273592711077
129.31453121152447
129.499818088039
129.499818088039
129.53389944889074
129.6158995044784
129.61977810721075
129.67530338003542
129.68466682313579
129.69617804363702
129.80446670126588
129.83654614930882
129.9050262582185
129.94734878820748
130.10344970628162
130.10344970628162
130.21801281231492
130.32281067041473
130.43102953949244
130.44227939629874
130.51118342421972
130.52342888024515
130.57334177293023
130.61926494582264
130.75899601919735
130.77507940316022
130.77551882707093
130.8009163001627
130.84721127093084
130.99067940235182
131.00663359540837
131.11837638916026
131.12220939822274
131.12509918460748
131.1509301800784
131.20034589060114
131.20917503747597
131.2191011859012
131.2626121217304
131.31116337635078
131.52297254789102
131.71819800875934
131.71819800875934
131.8471112760735
131.98882002690385
131.99620502725338
132.03394854427054
132.08986064182477
132.25178108924908
132.25178108924908
132.2701349676013
132.36600712191523
132.5424070245258
132.59698599132733
132.67025255162295
132.69577280915394
132.74796453589153
132.92163009001902
132.96197746808224
132.97494676459337
133.04698181409012
133.04698181409012
133.12632846700333
133.18779881473844
133.19625021718397
133.20428812068212
133.23170155907079
133.24493683406675
133.30001602594243
133.35684619336487
133.35880647643415
133.38929358987022
133.39629526328935
133.4898222430662
133.54268127144573
133.5733246981076
133.59847250228967
133.65478194796876
133.68597597401737
133.78084081903674
133.8224058971901
133.93285787113456
133.94888988540572
133.9532345479353
133.9838668829011
134.03856679443152
134.15074035828573
134.22846006856432
134.25221833268645
134.38607284996846
134.38629589017464
134.38640254977986
134.4668573546855
134.6192135619043
134.70878831775207
134.83776995161784
134.84892476750244
135.06479426355367
135.08323060619145
135.18549502273305
135.21264084479276
135.29791620272783
135.5882282510481
135.5882282510481
135.66364638871096
135.67144303160407
135.6928552941889
135.74652618629872
135.7561130338225
135.78002518826557
135.8327671501385
135.88347148059924
135.9147715704601
135.9351966681224
136.02713656838162
136.06228404157156
136.09485024994314
136.117831502885
136.1995811563659
136.40508758966516
136.53695771415917
136.5609343724358
136.63030823475276
136.71103767196908
136.71103767196908
136.94095456816976
136.9466665362722
137.02513172122403
137.04741563689967
137.23530194241266
137.23530194241266
137.2452895462344
137.28819304459964
137.3234818983376
137.33897373685852
137.43314285426027
137.55247297705816
137.5632472481941
137.65228256626185
137.74406929581963
137.74406929581963
137.7725780875495
137.83604467569282
137.83726406737387
137.90601735181943
137.93631696788145
137.9819590928624
138.17368434918683
138.31850282565813
138.3349903887571
138.38305550996438
138.6346990913982
138.6575197335357
138.80811826660792
138.88137729155494
138.88137729155494
138.891973471404
138.89629940906445
138.93121669890945
139.01402186719852
139.01601358142213
139.0512523975214
139.07622708924006
139.43087200077457
139.43263493228304
139.578366807717
139.578366807717
139.6107595964623
139.6392591577376
139.77263664995826
139.8204743573692
139.8467151773986
140.0143701565086
140.04891779228282
140.11941870484208
140.21274147205355
140.39334251751245
140.4081704017583
140.5807589168924
140.60427732042982
140.61254722000837
140.63401226644606
140.75898363858576
140.8552401285005
140.97225432844863
141.00212213452483
141.04277082097428
141.07091602030036
141.0849275788765
141.2346899280064
141.2805575556521
141.29630809963973
141.35428570646184
141.37599346667224
141.42983819530326
141.46709752092121
141.52439120361726
141.6602370459502
141.6964029333968
141.7104301242387
141.838528233129
141.95775085699898
141.95775085699898
142.2472748894571
142.25848600634222
142.26524140740477
142.27335453659052
142.31714334108776
142.35753268694344
142.43597502158357
142.47498127700987
142.49376538286003
142.53428113074767
142.58878809567224
142.64361911804374
142.67346563909626
142.68428813375402
142.70363363616485
142.78802028487053
142.79916148312756
142.8080133577706
142.87326955048204
142.8997893436317
142.99208482420832
143.16116498479587
143.20760950414336
143.2280470851462
143.43929009010859
143.43929009010859
143.51346837337937
143.71913652978503
143.72086509114078
143.8105396283548
143.82026350833922
144.01282807612955
144.01282807612955
144.01756976006683
144.02915445039596
144.14132285678497
144.17820670658944
144.1882805851182
144.2185529095516
144.23457512490057
144.275214510068
144.32064537339974
144.34218974619878
144.37926445229232
144.40463227538905
144.55722872599836
144.63883549090232
144.66149834418474
144.72640781354602
144.92459252182175
144.92459252182175
144.96963985312644
144.98756175724606
145.15934799680673
145.19821807462935
145.25537432831783
145.62815356004535
145.69803644431494
145.70873340680643
145.7488426623624
145.79341344027156
145.84892891574032
145.8866712772917
146.06856992820352
146.07900912196607
146.12047654258808
146.19553132858928
146.2218508696374
146.3757578680152
146.43267408793423
146.43618592335662
146.47625293764622
146.77311655153778
146.77311655153778
146.8072910727312
146.84961897067507
146.88775886656285
146.90780034323987
146.92270743519632
147.050991858469
147.050991858469
147.07936800776142
147.12726339642478
147.22871928475726
147.24321613885695
147.28820550925278
147.38715627939786
147.49322697679213
147.65549509925086
147.65549509925086
147.7008724798289
147.97089984473016
148.00482754029625
148.1877760413991
148.22886354883542
148.2393602525836
148.27118861890415
148.38561282236262
148.41626721793088
148.45479376462362
148.6823361615297
148.8160889229796
148.86276298470068
148.89050967492577
148.96274354545864
148.9715449586906
149.21753788565118
149.2631936711448
149.2879922513704
149.3188636988765
149.394143756399
149.42551460520914
149.4504269694018
149.54444207388727
149.72759676913546
149.72759676913546
149.73839675637123
149.77539800508853
149.86637063558967
149.93724521006715
149.97505234051857
150.1276932535138
150.15377481637574
150.25106911548508
150.46498226438723
150.49724305959887
150.5422783298162
150.59422173072667
150.71536231588453
150.7751339943561
150.8437088521327
151.01531259086536
151.01531259086536
151.1259439381086
151.1421500306701
151.2055168527355
151.28878696604195
151.3744213080872
151.4063325266845
151.44268793131056
151.4475357508375
151.47756231132087
151.49791653498292
151.54180447506243
151.587270279429
151.61361717408576
151.65670826753794
151.78373624059188
151.818926114619
151.92562392702936
151.97694574751165
152.00607780642548
152.0866976338814
152.16368461097358
152.24057827898727
152.39694987214227
152.40267006209461
152.49543637113928
152.49963252146483
152.50653988479993
152.66964440568012
152.70090069513716
152.7271493243132
152.7912423405631
153.25795553693226
153.29723648845226
153.31228348302983
153.41514378486085
153.48429937184775
153.49398669608985
153.50471818583736
153.63010889689363
153.63010889689363
153.73014987301585
153.79811690362263
153.79811690362263
153.81784923174212
153.87615978473144
153.87677370943302
153.8988327746659
153.90801132421137
154.04480692731858
154.0511852397686
154.19982446994675
154.23650666835192
154.29374011994005
154.35152764917595
154.37919943560684
154.4088203343592
154.4383228141973
154.4544216231372
154.4883562759785
154.49226719988707
154.6747681332722
154.7509558827546
154.7911066316601
154.80691808369536
154.80935483576144
154.9008101162701
154.92359747582543
154.98392930770325
154.99628402145746
155.0458823320338
155.18419588026745
155.29790782095563
155.29790782095563
155.32800491106997
155.448911586487
155.7076655405266
155.74487914843215
155.83604894180127
155.8494647819959
155.85360182834643
155.9119045521744
155.96667204945538
156.000545203902
156.09512444270788
156.11019440763522
156.1446711811348
156.23373762267315
156.3558990036367
156.38960905957887
156.40711997234047
156.46056828069158
156.47479582057113
156.49166133983067
156.52999828954464
156.57079709873906
156.64346067664758
156.831517411669
156.831517411669
156.85879804796474
156.8860217741549
156.96863157833084
157.0284488364856
157.06309370349118
157.08357438927615
157.1553523557257
157.20458319318064
157.2406641955907
157.2896368473452
157.3328654922809
157.41234906631016
157.48120617884004
157.48169141503047
157.52118292402983
157.52317804648075
157.5818160034068
157.6188871522121
157.75210382612858
157.78961441006453
157.83103113735916
157.86676783162858
157.87726023406066
157.92742443573033
157.95475083613954
157.96588848266018
157.99440012764632
158.01701192717144
158.10919372746432
158.27526630610643
158.2998775022856
158.31252693301533
158.4958235717924
158.64369155860274
158.7771815301365
158.8047991620627
158.87219537740762
158.95872506814948
159.12344859990353
159.12344859990353
159.20324308292794
159.47051533944247
159.48141651135836
159.58527658959875
159.59669687023856
159.69468343024545
159.86320770529372
159.9443514215259
159.95273366812071
160.1743177497381
160.27490493379338
160.49158571683301
160.49158571683301
160.51408309415962
160.66537529718167
160.88489836675012
160.92857560115928
160.9439698793854
160.96112942164993
160.98884165656352
161.0146995760588
161.03790966569886
161.17822808369152
161.19463657899985
161.23719863802899
161.30258177045383
161.31855033022092
161.32316167726674
161.34881113968822
161.458424134592
161.56746182003144
161.58674917172092
161.64718723716456
161.6580625276934
161.72490764577086
161.76352436969552
161.94725848966604
162.01179810335833
162.04866794974097
162.05382904870726
162.06081685138585
162.1215548137716
162.1603328767619
162.25414754851153
162.27714291250115
162.33632405876352
162.4076828288511
162.4344828153015
162.43637869901667
162.49283847505276
162.53635287781867
162.54241406574695
162.56395897933345
162.56409510042457
162.62312128882525
162.69862137719613
162.71951778636537
162.79551316512516
162.80681373693366
162.8151457025197
162.8645878984287
162.87260266569473
162.8818214319713
163.0444937107478
163.0886395514579
163.09014065160574
163.09267164736227
163.09621245237398
163.1852165474878
163.39055525855673
163.41248522624235
163.56662291597092
163.6324884790501
163.6433893842155
163.7799710661127
164.08691033138447
164.16898693307905
164.17060882199087
164.19033132892906
164.26141085762282
164.45627154754433
164.61720412172346
164.66768285571962
164.78906317235447
164.89331918868137
164.90473179339244
164.93732064421445
164.9444571478863
165.119255600613
165.13288016514625
165.13346181676587
165.14964507353798
165.15418684631985
165.3865327571949
165.5213285225996
165.5441658394118
165.5477197997393
165.57774963532304
165.77626097593227
165.82385357290258
165.84364366357113
166.00971461468677
166.08440512084533
166.15519539157108
166.24691634141024
166.26003032989735
166.33346210924333
166.3951161274281
166.4406001496871
166.93091226398107
166.941760623377
167.0034513287023
167.0765004238385
167.0765004238385
167.0921378624352
167.19380305698863
167.23354549503387
167.2643115374012
167.3778594710285
167.40862646914044
167.4111208662367
167.41764241392346
167.4461152399668
167.47827008943318
167.56710599684988
167.5775571874094
167.5848045844289
167.6080030979412
167.63946628777904
167.715028275028
167.7469622965196
167.77499207268053
167.84280317951735
167.84680872458566
167.88148627782618
167.9439318080025
167.96303763607975
168.0333047189746
168.0333047189746
168.1043500830036
168.19957697139873
168.2139988601004
168.2645011682364
168.35269087718518
168.37424573053113
168.4137360424027
168.51525215178935
168.56648945558663
168.61164174469866
168.70448502137782
168.74526688435762
168.80218944593202
168.95203070982126
168.9625224130178
168.98813646780474
169.01024713394116
169.10677208657359
169.12751593720785
169.16399887414502
169.2089712056057
169.23831942767973
169.24014806545563
169.29855546115783
169.31422567368375
169.40866105098635
169.52652621107745
169.73311221869477
169.78508323895778
169.8864945422558
169.9211526718838
170.01706601797468
170.07428109938166
170.07428109938166
170.32021878151372
170.32021878151372
170.5083695442904
170.5083695442904
170.56260352911178
170.69606945974627
170.73081942920007
170.85715847110305
171.0007018546697
171.0110072886008
171.10466957538912
171.11462326437046
171.2000756069273
171.25259905983415
171.2690799799495
171.28079146139825
171.39915075318655
171.41681897781044
171.61675169298718
171.61685738440536
171.72285639020018
171.81645228959184
171.95979643603704
172.10932334236693
172.35746446962352
172.40009214568488
172.50847946519852
172.55930066836476
172.6233992315754
172.64124733569142
172.69249734096286
172.84290475988513
172.92531748661634
172.92531748661634
172.9380479698777
172.98988372413677
173.00317797902883
173.026583779094
173.07545087326247
173.07853750547375
173.10474229793553
173.1167887455614
173.27874040500294
173.28615193256687
173.33222447299292
173.34668245877992
173.36087404385304
173.39318325261976
173.45126441881348
173.46020964706616
173.47301734851789
173.53871919381942
173.6197576555702
173.65999181828042
173.69517101683294
173.72525243953754
173.73712336263893
173.93419681348345
173.94529167049527
173.96303530115165
174.09671742416535
174.16097407001513
174.21278623396722
174.23739804754874
174.2539608187335
174.27433903353955
174.27866175935975
174.29685348300893
174.32491783154336
174.3406895649902
174.61164163327555
174.6463365893753
174.6463365893753
174.8452093399676
174.8452093399676
174.9586092950474
175.03395304391321
175.21144004459703
175.31969890147812
175.32467357442496
175.34601671547924
175.48461834802418
175.56378576636382
175.59970524369336
175.65048451110576
175.65860550352158
175.65939648341075
175.82607901428966
175.8318596490568
175.90400612242738
175.92800493830958
175.98255419397537
176.0371546158334
176.2710359277185
176.3928112888314
176.3928112888314
176.39759082555085
176.5216298935464
176.6141090357524
176.73865016534617
176.9389740340047
176.95136827307772
176.95837932284297
177.01734605103078
177.10578947798234
177.16731184860157
177.25790783058164
177.45129970769452
177.48888201478724
177.52651491966927
177.53772443687626
177.62293943270623
177.63759782443762
177.6875429782538
177.71922784734178
177.8696145337228
177.93662025020438
177.98378421152182
178.02182174865985
178.0989271762651
178.1031610969544
178.18033422833474
178.38735210930562
178.61546493541456
178.6305509867476
178.6995632388645
178.79286704578072
178.9517002392712
178.9517002392712
179.1492988312287
179.17721264181444
179.30298396085482
179.31250639197742
179.33043852513978
179.4559177309343
179.5354678395233
179.56627011954743
179.5698937966689
179.65483122357531
179.74738901194982
179.7661906391145
179.79392550006
179.82543104969469
179.9195758932411
179.9217237959402
179.95589372205302
179.96155345817292
180.04403730426193
180.11322062991627
180.1530581620023
180.1593185240642
180.16520322903992
180.179599159963
180.27565582339773
180.53183335894548
180.57514847332544
180.59682179644156
180.79658550260157
181.0897808619126
181.12263484095118
181.26044051132803
181.33299519845337
181.3446688910246
181.3885333042334
181.39505021518482
181.48626319006172
181.58845190827114
181.61458679516932
181.7685875933049
181.7685875933049
181.86983401401403
181.90228150455576
181.91950369331096
181.95691920788786
181.97366880885662
181.98523100517306
181.9889539057309
182.0330925890541
182.04243644074026
182.05762544876228
182.08920305873744
182.21900366478616
182.23566113595876
182.41687987815348
182.4829753852853
182.6217301612934
182.62526607156673
182.80108478504687
182.82370908290565
182.86234342357406
182.92027120723387
182.9951358331366
183.0195443152927
183.04508811402
183.0602231931714
183.1167365748921
183.15877619656584
183.22127107791894
183.23367241272112
183.27412712442612
183.3382510341453
183.35456932355325
183.38367757026882
183.42068043471903
183.42080766652552
