0.0
0.04400003421546829
0.05408365837190561
0.12113043686899466
0.15589558193117814
0.30913039050319924
0.3880686257869824
0.40933477622852943
0.6262751920493814
0.6639955246395559
0.6848746800018964
0.7301038644256103
0.9474647789908348
1.0219439669680708
1.0394708098470582
1.0473063632479664
1.2025291193915641
1.213268129374052
1.2556799996375119
1.2894380535889696
1.2980035777904886
1.3350161289360825
1.479830980987318
1.4850286057850972
1.5067343383123932
1.539343611736201
1.573375069717799
1.6058499292480186
1.6383109689632886
1.6439368164437114
1.6510465908230263
1.6673192209723495
1.7446585903945835
1.764076954991328
1.765483005353345
1.792112321000284
1.7987724528704323
1.852680755550219
1.9550742459628483
2.0160644871141074
2.068864251376073
2.0948475682825975
2.108954801414866
2.2061446814412067
2.2071423014795615
2.281940610383887
2.3090976213175747
2.3211650332978824
2.355428571004988
2.410577406724027
2.4503274906740082
2.47470944603255
2.5113397314695276
2.5484676400436186
2.5848203699257803
2.5947643690348077
2.60510628008575
2.6799200409670623
2.8705571375066286
2.8774248942878966
2.890122419737634
2.9176029583339966
2.9266345786926404
3.016974045184931
3.1078862626192603
3.15959075475031
3.166162915893186
3.198926529784102
3.2230023989708427
3.2334816520729555
3.2426072440493825
3.2533928999481576
3.293051153084161
3.3001921711738156
3.3596649020453
3.403545062027681
3.420890571860075
3.435426489255556
3.4362487608381045
3.455650830534019
3.5231401048478066
3.5369609224685155
3.6160348142501992
3.6305094637978845
3.640999814657921
3.653946305954657
3.6608171998301904
3.6690182109998126
3.6832078684487173
3.7589343594888267
3.768247557822987
3.8139435307850333
3.825455490154027
3.839850669931206
3.861076264197874
3.945211187673603
3.959354952377199
3.982920186947969
4.017407473619596
4.035277763598518
4.041895601926592
4.062795852463702
4.06705227567643
4.074248533100911
4.120912352018944
4.232887434675966
4.282066866307029
4.310676007397274
4.313288878752725
4.328968765192642
4.337888293890735
4.369514186506443
4.37202700506614
4.386563563459099
4.430972727666259
4.435841940605913
4.470853223660367
4.4852713439907586
4.491898285103314
4.506628530724683
4.545567164681863
4.554199691982781
4.564329277677631
4.567013634902909
4.574304063332549
4.6057731031018445
4.649916867797815
4.678483122101587
4.70337677793557
4.759957690044973
4.763388614303944
4.777383456845092
4.820496866418779
4.8570088154337405
4.911298420959758
4.929671170078018
4.950498907087421
4.953188729807989
5.05688240194315
5.057841860929093
5.132910218004477
5.152921922178468
5.17567633934993
5.196346464718292
5.219758152239924
5.259211529742453
5.272266889410941
5.324888242273086
5.389074797654555
5.415627136505972
5.418775534798383
5.4484633110638425
5.5278590993055525
5.528454894823876
5.569288484298216
5.597349707795045
5.658063002485633
5.6883296975862825
5.729024343829584
5.773697341415013
5.7883207437535455
5.807577936182288
5.842479440104071
5.842769474344838
5.892382405050177
5.9122017745331386
5.977122314269693
6.049517336973263
6.084811378910962
6.095088912674632
6.2384960461576835
6.2433535101831135
6.293301627100475
6.2957924802365035
6.321409107922139
6.3266726783081495
6.3696562551959595
6.4485160604639296
6.449974937629502
6.488060988769539
6.5355808795641686
6.5816582924132545
6.621437168476578
6.651061596009354
6.653792147746017
6.66955469157708
6.705348513122177
6.842407616818408
6.968925636972437
6.993661947886794
6.995628402897391
7.01867430004602
7.123099075068094
7.131156732663136
7.143872443287695
7.190724101933762
7.231117876479777
7.242000643052665
7.2815070911286774
7.2968684228676635
7.371153375015388
7.406716356587488
7.432781286767111
7.4512123680708156
7.493872575921898
7.549877557968085
7.554325739680547
7.581015873549025
7.611436062728827
7.620253883491103
7.626320558582302
7.727435038930781
7.76958665015647
7.778628831127318
7.806847272022943
7.856427893754179
7.875832947185576
7.932515964002109
7.959610033646879
7.96458260619718
7.964723910460383
8.010411369443055
8.0339285813925
8.070927922885906
8.224436773239605
8.244459599054078
8.25512556693149
8.340437219317522
8.344984488270075
8.427559002799232
8.4559168650077
8.471531239127177
8.481098211040537
8.484219162015506
8.527600756260489
8.61539605340226
8.628659149706785
8.67065253926387
8.710249372479307
8.753411458174682
8.83995365950107
8.974666124508515
9.054117500257755
9.054117500257755
9.073457305329555
9.13640313129604
9.170972407588293
9.197321846422147
9.25492313936432
9.277231836387834
9.490593937887018
9.539770533381358
9.555801745252545
9.562629443699056
9.604828553630496
9.628016329254242
9.748769582980453
9.749079087923779
9.76176865326987
9.764490441255926
9.81666807559426
9.905798767369735
9.931152934006217
9.937647375420724
9.953549907141886
9.994657249457905
10.044279487885344
10.116501410944183
10.129998147194849
10.132789853773968
10.173102861260324
10.193426011496147
10.242691052760652
10.243714379067422
10.272929088342657
10.30302770117925
10.305128195420476
10.334605201188136
10.348697656278915
10.43773994477452
10.470046784704707
10.47512621416533
10.489636594808951
10.71231847629994
10.71231847629994
10.715959207958704
10.787102079327147
10.84789755814317
10.851315559163158
10.86615921253128
10.875514276916444
10.87877342783936
10.923449270528192
11.026926202805813
11.027911480404113
11.030028273890574
11.035080912950043
11.0723682748266
11.114348211129716
11.20493214984163
11.257795583073415
11.41128915783577
11.45174666048716
11.470712655669681
11.477200262016126
11.481778240081173
11.617841462369944
11.643985155499008
11.803995109369664
11.889090722424253
11.914341522401685
11.956738085289476
12.052474863570014
12.156789464997122
12.16440412269256
12.20344409421255
12.259579330027163
12.287785467361628
12.3206144009093
12.329366760456798
12.35754307591274
12.485218324107635
12.617790791647879
12.666669816301564
12.706308408635852
12.723123208972403
12.806015340280553
12.893677524181587
12.91990406817517
12.963575257363356
13.00751693255173
13.00975638307846
13.036078254841154
13.050287573758935
13.055908480749093
13.084790844279702
13.095619810211554
13.145470309243281
13.152776132064224
13.155162958511484
13.161531011349176
13.163727915985765
13.235228692838133
13.28046419223766
13.294557485782098
13.322236583693917
13.374058023169061
13.411746868001021
13.525094480047157
13.529399654485454
13.53199349421842
13.533802532798434
13.535312633030797
13.662745984985468
13.663057370845973
13.666966055808862
13.692181585340396
13.69881260965427
13.703252559176867
13.816659356759182
13.833185107537208
13.851042644859252
13.892986411506506
13.920158355906818
13.989368233177006
14.005663479178683
14.006368813425524
14.03012207531382
14.035769292119095
14.19697085691765
14.216887972311481
14.263739917178366
14.345490254406274
14.348951811504062
14.45438010331957
14.495413865991742
14.507675795461104
14.520138989136065
14.703611223065858
14.727518182830387
14.918529298799292
14.936416680029147
15.099204782122674
15.131457458827743
15.148699573143928
15.154465681768997
15.191001222634508
15.210479323754493
15.27734144807843
15.39591366118289
15.476369738084653
15.538619027951828
15.569411700544185
15.576823050353813
15.627215871946
15.67092289971079
15.827200386606185
15.845521685481232
15.84842842566864
15.848825831532414
15.89268388619454
15.902037762167021
15.902568644999558
15.92161089401588
15.933069812672116
16.00577928926863
16.097211300585517
16.16741200505992
16.196083114196696
16.198088898588836
16.207125667908567
16.212462751996924
16.284162677588427
16.314355282088666
16.396345267797706
16.407348731281935
16.43334987847238
16.49225589070946
16.539169502932943
16.593081764724044
16.597611256108248
16.709969281595704
16.747115824754705
16.750982844805886
16.76980265635607
16.7699091903737
16.778342948560564
16.837653564946365
16.85843407936463
16.866852168187595
16.871938908841326
17.12537711608642
17.14339705508291
17.250479151495806
17.271380135189396
17.29452818708381
17.301220274388427
17.34563253883204
17.3734705436718
17.43215327364231
17.53335273207417
17.598427798433462
17.612513806050913
17.623293786081504
17.645728478638226
17.650189165772186
17.700606233782597
17.830744695799876
17.860942881110542
17.881808665544543
17.883785269416748
17.89696572402413
17.93258661353695
17.963312174926106
17.977889571418107
17.9819113844049
17.986154038006823
17.996666477918062
18.04072810345791
18.109551132345285
18.120422902260554
18.130126503396777
18.15615523219581
18.174133499689624
18.217712782125844
18.268744772318634
18.392587892331015
18.40522940090364
18.430567277716932
18.488655298547172
18.573341877957347
18.712232911146796
18.788608275671674
18.812604155353668
18.850988338379405
18.85649105248834
18.943768542546376
18.951257392138036
18.982879531915742
19.026337219157593
19.043896038990013
19.187870181306444
19.311578627761246
19.319382028821703
19.320949725129896
19.323783987613982
19.389767812513153
19.43837085333908
19.44840672995668
19.48498626816562
19.49899871509756
19.561203354788567
19.5758732908998
19.65304177156321
19.72917320115879
19.77464385792151
19.7882841443771
19.883784372494116
19.897404316783156
19.926713278312228
19.957661591653984
20.00030577584966
20.06108619865549
20.120726262203394
20.193895637120146
20.274558263136882
20.29394395103038
20.35933977214793
20.397517157104943
20.43485793630167
20.491169162473376
20.551942815326655
20.571164487970258
20.58949041819568
20.65972074802759
20.689222477864757
20.7133972303672
20.878825056036316
20.87944857853248
20.880984815830026
20.910631611862364
20.962345391994027
20.96245394233406
20.964842146895194
20.977125415672592
20.98481804077568
21.01784564350707
21.038723079990568
21.06169500843006
21.276361653376785
21.29455451469358
21.317552893595494
21.327480978008538
21.3459539591066
21.382611570485324
21.382611570485324
21.389267992306813
21.584698501879053
21.69233595117606
21.711836230856957
21.724510829748354
21.78122828105254
21.78837130742273
21.80394573005937
21.83027044087577
21.891023487025496
21.892193224822837
21.951722831777346
21.974047729164123
21.986861140768738
22.04887166815066
22.065453552176983
22.110257946825445
22.12739376968954
22.15757573667543
22.177801908195676
22.2449580039708
22.30270450208361
22.33583279230035
22.379802035205632
22.418097653764146
22.418097653764146
22.615099348755113
22.645472611653208
22.666839999248104
22.691368170779267
22.713873177233364
22.86668876484906
22.899932473776406
22.907420506450503
22.908355642739437
22.948338466202255
23.016338654317515
23.02516931095053
23.0304127813256
23.04749938010241
23.06430265220286
23.11572647969693
23.198244697791637
23.216786794302642
23.442561522757572
23.452954830141195
23.515732129857845
23.515794536526165
23.573377827433273
23.58306758533905
23.66329424591191
23.667840694118183
23.720384595707895
23.724736321807413
23.79350101160457
23.815154279826977
23.858044255118568
23.86448953817942
24.008141722844897
24.009665084518982
24.0121932379348
24.014084788824995
24.047593577230817
24.080777553688186
24.134609213131466
24.272126959123813
24.40127249641286
24.45428096251119
24.456367015563277
24.550999330293475
24.576160198787065
24.61186647847959
24.707031842590425
24.71441846608853
24.770036981791513
24.781296753682586
24.809239449845474
24.833963515183953
24.898713123820638
25.120558406376023
25.132741009499032
25.20165565745975
25.20766900593865
25.22143245957181
25.305749256254078
25.342708356339724
25.359269494487286
25.380623485176717
25.43529820128154
25.4667207455953
25.648217210691307
25.648217210691307
25.792338993265307
25.79505693387702
25.804105085135777
25.862073282100642
25.88545255822282
25.892362939684574
25.954292423331747
25.9653640437556
25.99668644298526
26.0048903106439
26.00594417244567
26.02291858821404
26.05257200733624
26.19631360969515
26.25834632841802
26.2662907107115
26.28321098311126
26.376705350942252
26.67762221819024
26.693541750877582
26.69656091917995
26.698808128270272
26.82285214919672
26.83952598462473
26.848898946154115
26.873004137801765
26.921885465110787
26.9937003025112
27.053595320039186
27.061366174697472
27.111986434836982
27.183784918664365
27.18844106974555
27.20001453452236
27.26091990503805
27.410524109121415
27.42069660685008
27.44650562990783
27.49029063634482
27.565973018269887
27.594193648790938
27.60341341802508
27.65600827354343
27.67356277193967
27.681880423753753
27.75984791654292
27.76580482427745
27.78923090734481
27.852799520932464
27.865758423185472
27.87207515660181
27.901744568318104
27.968750411957966
28.171308562713588
28.191847713449047
28.224074832010935
28.262375306825636
28.334045109682734
28.371978053839996
28.419346140557423
28.448222185433462
28.469631638964096
28.471422437741747
28.47949978725202
28.529976002364922
28.569847698970335
28.618751538581467
28.668409057495342
28.678565957693294
28.746991612826086
28.763509325508213
28.800062664234883
28.837975444559227
28.855828134747767
28.86646145951945
28.918087212940392
28.931577353665745
28.99741338131657
28.997538362645646
29.01879528553456
29.131306098002934
29.25798232110916
29.318101968990938
29.390265821590237
29.39195018737176
29.431985334830124
29.50264028708631
29.507694881374487
29.537454968721423
29.564470589760997
29.70642129105329
29.798636019848754
29.802656408337533
29.80698154023847
29.82820980384546
29.882838554647797
29.91023092822949
30.027121448352094
30.028380185886814
30.046624897939544
30.059344162333222
30.062104994258696
30.062312490592205
30.079956316796686
30.080915979266
30.118415649307078
30.130705722621666
30.1673308663342
30.2398807555447
30.297168246387084
30.351604976118235
30.387203202675064
30.444923363147844
30.467770484507398
30.522025848120148
30.537209628551942
30.553232537150425
30.58821217609696
30.610562257419513
30.698593765215726
30.713898854026265
30.736795121614435
30.759454670547964
30.794087801228947
30.8748745299529
30.902681551557034
30.992617307325357
31.075746075798726
31.07932005742756
31.149571574242653
31.15594759245211
31.224900013417642
31.284782217686995
31.311471732044733
31.32299918830669
31.44525136408999
31.449494430214582
31.467507779001387
31.493349825257326
31.506453499647925
31.564019445640294
31.62018464782595
31.633139664327967
31.66005786867461
31.698254875377724
31.725254501174398
31.740329844339833
31.765596131610863
31.82216933171853
31.89179181052267
31.89703713499419
31.921397620052847
32.066631945253135
32.20203419913574
32.23188105622874
32.23698075736575
32.25281176622972
32.3664184487193
32.3664184487193
32.36834702555891
32.369413172597284
32.3849772152119
32.393361084172675
32.42607436140538
32.427584200181535
32.51837493683301
32.702780787584224
32.78975216532578
32.79759930145222
32.8027507755995
32.83577946356123
32.863944196577265
32.91729732130627
32.98649539525477
33.00812836072522
33.03749277477531
33.05106349503078
33.098666413967905
33.14468361315466
33.203771711975826
33.2430601045809
33.30325255985
33.366639934037906
33.3870078099791
33.41775057397271
33.449000865274726
33.46636447957857
33.478037418155196
33.7180421375058
33.74586779777219
33.80202669494444
33.85776062151196
33.927591445430565
34.072928418088885
34.14446908268879
34.166079658331384
34.24940376449665
34.31194028609756
34.314952854785
34.421513264413804
34.42360728561172
34.48016196714866
34.65300435763299
34.74336588166934
34.77766684700328
34.77924148484718
34.78559071817011
34.80316382516207
34.827066037644045
34.839470667258226
34.83994721064155
34.85676283863566
34.91712175771714
34.91712175771714
34.922098607610664
34.95348282445977
34.96371187813997
34.98626945463967
35.00136841818885
35.0127141033173
35.040754383624964
35.09485083269191
35.104852515293516
35.21629054059418
35.22405267210195
35.34029724748877
35.34029724748877
35.40939386274269
35.42625163111659
35.52997620287273
35.53025319788131
35.53858084520434
35.588027421790876
35.60406914214664
35.61007967947853
35.61652314445522
35.67594646528562
35.681187786658136
35.72403315097131
35.74344564223745
35.7631671956934
35.832462531758246
35.911322762124975
35.91807051053864
36.034787009818004
36.03626224288438
36.06953860477504
36.22517540623484
36.23503965071727
36.29327732181519
36.298956085040146
36.42393819387919
36.46957075092576
36.49048544179353
36.4938663957238
36.57109005138767
36.59565494113538
36.791432742151876
36.86726935491519
37.00768194155539
37.19841418459005
37.20118549780205
37.223293283982684
37.241510871484046
37.25169481787103
37.304252234422364
37.325693098586484
37.34659266930626
37.39271426188499
37.423763161207354
37.424240530103845
37.44088556323846
37.45696781385676
37.5109957620786
37.55282850418373
37.56420625162568
37.57612791658184
37.67187394274691
37.70490159728319
37.807768274453466
37.84249559012329
37.91364517558008
37.913843520553776
37.96545085807056
38.03795579517134
38.05710718411277
38.06522201192899
38.06559916359613
38.07822269456136
38.130738324918404
38.1339273090429
38.14275605336105
38.3175460349927
38.38607268314297
38.415176449269765
38.449069419678004
38.58855186316161
38.60392752559522
38.770667570519095
38.770667570519095
38.844353416206175
38.877847373287146
38.914804521643596
39.004407306337335
39.02451300699217
39.07977169517956
39.089482163289766
39.09676708794867
39.126306584504704
39.12714087555958
39.27812365449513
39.2890574248118
39.30595161791851
39.351703568434
39.38353002237829
39.41936544832406
39.49642144347862
39.580061202990834
39.72863038630117
39.755206757835936
39.90163355118858
39.90332679936783
39.91706603061891
39.92769470566303
39.9310980108234
39.9392104676748
39.9957860462013
40.00404189686429
40.04798998052936
40.07711645534637
40.08154370971659
40.102548567633804
40.10880585037809
40.17282285941603
40.23775420151723
40.37780659190065
40.38413081861057
40.390212239909054
40.41899919798101
40.46162443740185
40.47228892070812
40.599294932804106
40.611543341995045
40.722095956767745
40.76715775871808
40.790134290695796
40.87082260377512
40.88182998945022
40.893961544221824
40.967446285631404
41.038794970621716
41.10692154112207
41.15460920825979
41.16747941950124
41.259852796190366
41.28498133534325
41.34819731311947
41.358899681588085
41.453403442037235
41.52645461874589
41.549045986781906
41.64807317000148
41.68195424250329
41.6957858847888
41.71573285313554
41.75071138059815
41.81737079297778
41.82232776200236
41.831494951001545
41.88319279367569
41.902999041170645
41.90309601196579
41.98173163386607
42.02028489162689
42.15909934636502
42.16784344975342
42.21632591531819
42.24025438162616
42.269991126069094
42.31878346971895
42.33862112422331
42.35437805076467
42.36246915024537
42.36495389754979
42.595013924773475
42.595013924773475
42.629141945625044
42.6405241275715
42.65668997317162
42.70338949592245
42.76537663361759
42.77181764235639
42.80393180063394
42.938369090152605
42.94884556040301
43.013985087298366
43.07329227009029
43.17020677332625
43.23805907315867
43.256530636927806
43.26057846239696
43.27160598834825
43.274983058220734
43.28666536863257
43.30758654470068
43.430921512344185
43.43205920026901
43.532693694616604
43.55435851998256
43.561927484833845
43.609153802098405
43.640845731580285
43.664037782584934
43.75117590121443
43.76126729853506
43.77735959985545
43.789422373189744
43.914413314926016
43.974955662573954
43.9787791796214
44.15594945796036
44.16528611557933
44.211119449325466
44.309584119408925
44.32794916996817
44.40006556360703
44.48822841717865
44.48822841717865
44.4908777025191
44.520974261893194
44.59196861769092
44.59619236503714
44.70551095436543
44.85168550102898
44.89823992914199
44.92802331288147
44.95043372079169
45.02198374221453
45.02198374221453
45.036648868533725
45.04438887754942
45.09905386706071
45.10474435832084
45.224123617487066
45.25860340823899
45.261984691411726
45.27632466101492
45.284769281008636
45.35388125415568
45.375281971488256
45.39959023345065
45.54322850706382
45.55160402398375
45.583955275519195
45.629317930400866
45.71409523494286
45.736896538733724
45.74122152190451
45.74636417802857
46.08850768337412
46.08850768337412
46.120792787338274
46.18935690426911
46.23112342045684
46.30703463177551
46.32843644185119
46.335114106005136
46.34586975155729
46.363241812858305
46.36799479127848
46.36888476699867
46.383942794661074
46.44226157052306
46.546070341859966
46.56210236394091
46.57821757561724
46.60552086583394
46.611935886588576
46.61818563244126
46.61989372117269
46.69403958779983
46.70310773525705
46.81826413745798
46.838763945645184
46.86629727529509
46.87436041327426
46.883129863331554
46.91320245852096
46.926870516996196
46.950955706629415
46.97906057315483
47.059833957401054
47.08158837638203
47.09243934763923
47.31733510027075
47.31733510027075
47.337309507212666
47.356304053730376
47.35800216124602
47.52543471321283
47.577754335568315
47.69937981341241
47.71439477431772
47.72704120153311
47.83958620042676
47.9392358098453
47.9789191444147
48.00869402671872
48.056742697710106
48.087643750778696
48.23907805962627
48.24688503560148
48.248225365827814
48.27097608535934
48.31826684544249
48.35605990856345
48.368660531572885
48.425710198094926
48.45022430071276
48.53476220523742
48.55479773192776
48.56001391632593
48.57117198245313
48.57849645495278
48.608939312476814
48.65649536018775
48.670561403143914
48.70081552331569
48.79926826133077
48.82081384444009
48.82527843224692
48.82833716800901
48.836249910153946
48.92741605997411
48.987521804418016
49.01133028892151
49.07932687251917
49.10621372834183
49.143038897254804
49.18702673288138
49.31416550713525
49.40433279227596
49.589091897361236
49.62349986310945
49.62758210976885
49.62911183399183
49.64293771724441
49.665585257042125
49.70413553432551
49.74795913838997
49.78072734713806
49.86345056512318
49.86643648811863
49.915812402237904
49.92714198500119
49.98104862672794
50.20375760512763
50.238739345360386
50.24603288325862
50.25007565440406
50.29487370182164
50.29723072245638
50.342470924018414
50.36728156426239
50.49405326647612
50.50512968205177
50.55871249699896
50.58338871099603
50.58644215059655
50.64857596220825
50.67265410232466
50.72708810927316
50.746381663328044
50.74941930475372
50.90896233791603
50.987020113674575
50.989647027298226
51.04532676809764
51.09466354771296
51.11866036379708
51.14670403233596
51.178533756596906
51.20837197365206
51.21239030724779
51.237078655362005
51.2444050819361
51.36936488946829
51.426878755142674
51.474593236889106
51.54427830475384
51.56776917409611
51.606807669015424
51.60945974232809
51.672909642575505
51.74012990636491
51.759759697092235
51.88428167812657
51.885055115647205
51.900936123031194
51.905320946422194
51.92146206108713
51.925926601928886
51.92717288273646
52.02025303963314
52.031413271990004
52.06770952159703
52.070974259941764
52.11025122845353
52.11104512051631
52.15499003632031
52.202091096871186
52.23041578482128
52.25168218589152
52.25565125955846
52.25909368052773
52.379758166677476
52.42912201876112
52.435342180975844
52.45595990635638
52.53779753540977
52.54546125961311
52.589309052998324
52.58971945321695
52.685924214957346
52.68751914741278
52.73641125951924
52.73986234394795
52.85277312078013
52.89486122477573
52.93575829799221
52.93993291771538
53.161858649566014
53.18972713286776
53.26391786496013
53.292244946971394
53.31796870897181
53.48130696867259
53.495244142447156
53.56382554507491
53.57368493067375
53.611715591016605
53.65052645393254
53.668241019213305
53.830404360275715
53.89171658638529
53.897982222555584
53.917619024334186
53.95084819871628
53.98788211064728
54.08703329807064
54.110208619702505
54.31948086593399
54.39037090461268
54.414696663451984
54.45395046161167
54.47460480199589
54.65729376375742
54.65729376375742
54.755065936332464
54.768493298736495
54.87054819237078
54.89927878090551
54.90937388080868
55.02114875166825
55.038359782561294
55.05200109453371
55.14643849897063
55.15593488176698
55.22130402979136
55.36106260299667
55.42991003530062
55.430781255910624
55.452219162052735
55.46293445503985
55.48582332433874
55.48849085741686
55.537459253598016
55.546905302591476
55.55101114571429
55.578462369072284
55.5841529101233
55.68311057921105
55.71073836187926
55.75630827585097
55.77515063060715
55.78997812367793
55.950058500832974
55.981264100494215
56.0193339741768
56.067537191645776
56.07000281184508
56.09589015620256
56.10043217217105
56.14455478055339
56.15985322355313
56.228785892120996
56.323709153413446
56.33907005093054
56.353305958701384
56.540511024710646
56.568137828176944
56.625955635373046
56.63220926527519
56.657769270278486
56.81684932541812
56.841858998296175
56.848781869518994
56.87759924330078
56.96686632434297
57.01787247111046
57.042343564481214
57.07090590186192
57.0761566133248
57.100578480642135
57.108425949342816
57.1659908926997
57.17313713763686
57.25757966305785
57.29178193367453
57.35966253295234
57.36435641986963
57.36822914104264
57.39479865644807
57.40136193534449
57.47436405957775
57.53787767266064
57.64667513544903
57.66184478821053
57.691367505936086
57.722667416863146
57.72356857751549
57.82952968685532
57.84752477693173
57.91221510479369
58.01693567929563
58.03838207451125
58.14441679412318
58.14441679412318
58.174270615214866
58.18779806991428
58.21416573556203
58.344396143382276
58.350508071753566
58.35612306957832
58.357350287004394
58.55620652733751
58.56862308622325
58.58111910769088
58.68906286647774
58.818471245016596
58.93560453121958
59.004839016016184
59.045450180523204
59.09652988015651
59.10638677714858
59.14479051858988
59.14553552004878
59.39938938721086
59.39938938721086
59.445457225115206
59.5256761809543
59.5339164435398
59.6073264349788
59.61063643354406
59.612046004166935
59.61713880546655
59.67110608711345
59.75165036125934
59.79314974652151
59.81517278849901
59.83332335562884
59.867764313483036
59.902659126719435
59.90592715256339
59.91926249285397
59.989429930558735
60.05949429739684
60.09856883759263
60.09995078506898
60.20807174786659
60.225086027455966
60.23569980061761
60.34915970559446
60.35783094048506
60.39992890779308
60.40931224428661
60.449964526609286
60.487515169249406
60.54525035825294
60.54918175070596
60.56698883443867
60.578109683584444
60.672368957051994
60.680787087729094
60.85125300631359
60.9624751701476
60.97112337253046
60.97317571766325
61.007541989837854
61.03719195582154
61.096984160908505
61.1790827743536
61.198643503426176
61.199149322515474
61.24205211548799
61.27761289257333
61.371818544218456
61.38551958955975
61.40632489530833
61.40916036291087
61.41930909741001
61.44145035297495
61.44923930188656
61.45396389386466
61.4641695670933
61.47910338369166
61.480049900581754
61.507840678656834
61.55011070546513
61.562555010166655
61.585127452387454
61.62929835716533
61.68728049633891
61.803745846365075
61.80400579394761
61.835645323746085
61.88078297626294
61.921506619700494
61.94301172643643
62.09961189027143
62.248315692972604
62.31066409630069
62.320011493606636
62.37844887860252
62.49858848459032
62.625077209464706
62.65686246919298
62.7130809682947
62.87539706204454
62.92162073630265
63.029423124838296
63.10479723009139
63.3133820795261
63.33693771743807
63.430908498645366
63.44796661922601
63.47403686479763
63.55478450581408
63.616120563886675
63.658187228945266
63.66109535075487
63.70696166273283
63.73306022574931
63.76309963974489
63.82593751520761
63.82593751520761
63.83034500721188
63.88408567934647
63.933917923850686
63.94989137945489
63.97726158645619
64.01807618840296
64.04416801306364
64.08823564551558
64.10564786033034
64.11406508182853
64.16566971685903
64.21928370848048
64.24262021995348
64.30220983169565
64.3302836830187
64.34829799688508
64.35304031928217
64.48348447703636
64.52778795040888
64.55636453673542
64.56385348739586
64.63437239773324
64.68478673267441
64.81318361541241
64.89161648575647
64.89662847294743
64.97144160651368
64.9715483407083
65.06414956779696
65.10346210710338
65.1084488209596
65.12433460012258
65.16951660403785
65.19989560743905
65.25021932520325
65.25600436682555
65.50627081401507
65.57950669458978
65.62356643604657
65.63727667062699
65.65162939501266
65.6742716756088
65.68688436517971
65.70143738914743
65.71710025854742
65.74800020093657
65.7970602452862
65.89321531425755
65.91945897509689
65.92472305993499
65.95780174764577
66.11274501129246
66.15029625228162
66.19240671954101
66.20090373318831
66.24509231650251
66.2478312472259
66.29608874995334
66.34713871362237
66.35907629259388
66.55280536967274
66.60667638202128
66.74093994612997
66.8407767284319
66.88497870448413
66.91178043374697
66.92733545692047
66.97190672862908
67.05785377470195
67.05785377470195
67.19011295073577
67.19011295073577
67.21472389251805
67.24366177957403
67.26433312178509
67.30299021646302
67.33319049062665
67.34598447825789
67.39674626128324
67.43670134816644
67.44155911555345
67.51892280958704
67.57594248115706
67.62511911616654
67.64171561985279
67.6621585914446
67.72573836844043
67.75210951715938
67.82826562526364
67.83080142568033
67.85185642355398
67.85504693735191
67.87735188668637
67.93174547522065
67.9783614030978
67.98847807663212
68.05083282581653
68.06087862868584
68.13344558223719
68.14680918888169
68.14943862579905
68.15913334917441
68.31449412726766
68.31981506937969
68.36504919266144
68.42556103048835
68.56154116140421
68.58027222688389
68.63054360681723
68.65917588738509
68.69581198763044
68.79640865562376
68.84622138064175
68.86015496744176
68.8684290079601
68.87987779725427
68.9571324995081
69.06271149864288
69.06772792616711
69.08610959315955
69.10641418850074
69.16757119048316
69.2429419411882
69.25159041307353
69.26308324667498
69.2704010386354
69.28384016673542
69.29221492698535
69.30104008888308
69.3239860554542
69.32611442530843
69.4016541754741
69.41465814304934
69.41885282730365
69.4484984561672
69.45989358192212
69.5763905677769
69.5763905677769
69.59289061802723
69.69968066951911
69.76392506998519
69.83205636419842
69.9113326620271
69.91264789608269
69.91825472691497
69.930965310905
70.00240490804289
70.00702183423664
70.05064855163178
70.05109285859564
70.11581338713201
70.29537787951506
70.31092673587217
70.31499860617184
70.33849437956454
70.40808849473665
70.47907333163081
70.48968173339938
70.5565514926795
70.59131084255226
70.62498522970412
70.65743293800391
70.66375209271347
70.72929102586863
70.75054590008222
70.77057501257555
70.92138405681399
70.96859766168572
71.12428474975117
71.16241255595612
71.23942666177923
71.30683259066323
71.31543403665916
71.32891561911082
71.33998208496169
71.42681290481003
71.43219760016855
71.48210346867039
71.51100917742731
71.59975410450076
71.60040567423655
71.61333445825399
71.63319779238374
71.77112094971395
71.79228233657851
71.86209321424717
71.90060325295657
71.9749955033741
71.98663715418742
72.00404116543233
72.04412725730027
72.04412725730027
72.04935668127032
72.15218717531157
72.1811889944339
72.26073984627193
72.2608264547226
72.45461681217256
72.45461681217256
72.47069631756477
72.5625920106762
72.73195259942844
72.75181950195112
72.81549236036797
72.84797978360014
72.91558516655374
72.97213371931119
73.00196100842282
73.03370010623026
73.03961150607755
73.05199385394617
73.0669677849371
73.18372242596104
73.18372242596104
73.25727462099175
73.28302010738285
73.38046157548182
73.40794606264441
73.40795357727293
73.40872674792999
73.4830081734672
73.50688254886627
73.62391360022195
73.64111712218154
73.66188001913568
73.66676122316494
73.82472455238587
73.87690040038397
73.89474810359268
73.89998278796651
73.93787065157117
73.99333879185714
74.00734030873711
74.03934506071252
74.04097035159671
74.04467535475005
74.08317896911166
74.17353003487523
74.23941701799117
74.28703765544114
74.28756437394878
74.29063777668324
74.431288727942
74.44223645730733
74.44241964351082
74.46548233009062
74.48469016125343
74.61757199726846
74.68391793477896
74.70735458407222
74.73750879520412
74.80790092893446
74.8579757789749
74.91047179063357
74.95488769460538
74.96009886666312
75.02276704214174
75.06687223324144
75.1028539287356
75.14374753331502
75.23127790119938
75.26686659052064
75.39204334345176
75.446268628307
75.49586075543354
75.55422775238597
75.55868395046966
75.61315295592239
75.76372267438086
75.79820276652215
75.85247178913512
75.8773878033043
75.89204997389014
76.01035017004148
76.06010689717543
76.12300237140018
76.1371114829832
76.14112759803486
76.15393468790244
76.16966845637904
76.16966845637904
76.20051201890512
76.2012908175822
76.208883159189
76.29575016186422
76.34609338304705
76.35512009609899
76.4749078311748
76.49647051478408
76.57589053215563
76.58185644874918
76.59426458353711
76.6494315157774
76.77023763605173
76.82457822333495
76.8598968645233
76.86030817438552
76.88105962379295
77.01634495129498
77.0805586095086
77.08195140792793
77.13757687811986
77.15697393378959
77.1575594291556
77.17552141382191
77.20114089959038
77.29415074574834
77.345753561456
77.37506265748168
77.40699802671523
77.45205646885248
77.48341296031145
77.55320147942352
77.55320147942352
77.74787090008257
77.76917625386233
77.80718106341183
77.8275114142487
77.84421214609601
77.84612293666291
78.02524100082722
78.03422084085288
78.09233092405947
78.14555098051916
78.16520778893354
78.21530832415625
78.25307753973729
78.31773775383688
78.42920863117757
78.42920863117757
78.46286980187763
78.46507346745383
78.50047533458343
78.50274462716199
78.51102245798339
78.60913837959264
78.6368409419241
78.68253699567336
78.71507035455888
78.71885005091205
78.72016325117558
78.730960765925
78.74282758411819
78.81676092327555
78.86448931222958
78.87918263788589
78.9140405073264
78.93759011089843
79.07227308965504
79.10649985068409
79.15975617638625
79.17589173652446
79.19685981423196
79.20541829322961
79.21068336685727
79.23442393148437
79.23653612071494
79.2577940057114
79.25996928266395
79.39194097122557
79.39353670401923
79.42587327666155
79.51804400639674
79.55845549671787
79.61695017671293
79.74011675918861
79.74566483488215
79.80573409821052
79.81956068659018
79.88685892094024
79.92815218829907
79.95036303760376
79.98064962203814
80.02434284080744
80.0436506625026
80.05438295534871
80.06094169433914
80.06482138034086
80.12949594388613
80.16160255645784
80.18730173628347
80.18900026832597
80.23887923317251
80.23902272015654
80.27160095847995
80.29071248292728
80.33716393261346
80.35600764137124
80.42092452666138
80.49645970463949
80.54641578335763
80.59002261341284
80.64442690110961
80.68016922421599
80.68186587769047
80.77898489083292
80.86000502549851
80.91106826563222
80.92735038259717
80.92874767691762
81.04995503735299
81.07510306222605
81.07692500246881
81.12896224930675
81.14245661941659
81.16653373906685
81.2387499059031
81.29157835664412
81.29842364608668
81.31032069709477
81.34630306829774
81.34657637907817
81.40380490529328
81.45195083825111
81.4666573213511
81.52303901947927
81.572328947436
81.59720808743236
81.71629997396464
81.77660971686961
81.88342547463958
81.88660026168151
81.95396404961099
81.99932799194643
82.01230161312306
82.11745600315139
82.1208296477184
82.18355138626919
82.21230747124021
82.2360537769843
82.25338951188972
82.33193433158925
82.36229940308763
82.40244878971485
82.42170111115244
82.42807904923058
82.43280542553197
82.44536090719838
82.5777161771219
82.63981622120316
82.67712329430412
82.71175411812673
82.73394609619814
82.7358643532107
82.81375074354943
82.81375074354943
82.87722103196472
82.88634016200137
82.88787463848769
82.89250201851381
82.96668834823015
82.97911359662578
83.02752729580085
83.06642296657552
83.0846442127342
83.12182026265612
83.22602615120725
83.23318040355086
83.2881459921588
83.3808210596143
83.4040518352076
83.50128488034065
83.53728639202583
83.56092761256656
83.56144232552421
83.66542547627921
83.7682043379903
83.78853162815032
83.80840782233177
83.85381490962853
83.89181256549003
83.89425071325518
83.90426810700048
83.94738802918873
83.96311092993024
84.05958469354019
84.06209530903254
84.11316681012231
84.1836052091111
84.25794548329459
84.33259506071619
84.35035259330891
84.46699437987664
84.48052670370079
84.48517062900524
84.57054606913418
84.57781251593413
84.8053877004971
84.8053877004971
84.81254740810127
84.81378885985954
84.89146105707405
84.9014564951458
84.91056085498047
84.91957934322022
84.96685421518625
85.02058519985457
85.04607497879168
85.09097672289094
85.11248570973575
85.24591155190193
85.2603161003658
85.2949564639367
85.50482597195153
85.53807551397755
85.59241820622444
85.7368489147941
85.78166685020814
85.81979238260483
85.87669037101809
85.90098948464181
86.03410888077451
86.24362978412513
86.2625782443432
86.39202471923875
86.45567800325605
86.47736839654455
86.5155040640503
86.52150752636098
86.5537651513383
86.63019778455188
86.65401577159706
86.69089136181286
86.73397785431263
86.76283243266606
86.76502342938177
86.78122637668723
86.82947018590701
86.89354304240737
86.97956220037406
87.0283418337484
87.15955315732579
87.22795883458186
87.33219522097484
87.34985639277564
87.4105848378638
87.41231699532966
87.46325201699503
87.52051067861247
87.54594590980088
87.65338857501004
87.74896515051705
87.75213727241558
87.789840717863
87.7978162932415
87.84358219429801
87.87248396840215
87.99306444928665
88.06682657303804
88.07107789753465
88.12222416357011
88.15739602362594
88.24584986658725
88.24817176613352
88.28275750132327
88.31118633751261
88.32483801986439
88.38689524760862
88.42639840534703
88.54958760483416
88.5762707609219
88.58437160916802
88.59594395529014
88.68511218181857
88.7096463304517
88.74229289150796
88.86523436827677
88.87172752055292
88.89578338997748
88.92401653853351
88.93009292916395
88.95494220555659
88.96731425227058
89.0111189252525
89.02582520257943
89.11486661876343
89.19337622003343
89.24139854992656
89.25207261085524
89.2627021368939
89.28925474398018
89.30892947385699
89.32123934627089
89.47077115331433
89.4858776745002
89.49850639261335
89.52249825895201
89.56763284346285
89.57399089627224
89.62210224363925
89.6453358390188
89.70800879335314
89.74615325302642
89.77414058745289
89.78889447158508
89.8030009039709
89.82870350821713
89.83377397220364
89.88124386815365
89.88302344890229
89.91453818965384
89.91728018052567
90.04072304255861
90.05534762569035
90.0709178484598
90.17564144075662
90.19218519086151
90.20955284127226
90.23183649873823
90.25961454517771
90.3352519042084
90.34391199243211
90.3726210600597
90.56117723695787
90.58149786894973
90.58718026343386
90.76298146678027
90.82050680850553
91.00353748831027
91.01044435443578
91.01350782976176
91.13448682920281
91.30610179922725
91.32368030146924
91.37406937768179
91.37737505950724
91.40405354343763
91.4350049719818
91.50824225141604
91.559715308864
91.55981933996297
91.61121250603195
91.654250708816
91.67149876004687
91.77260409400422
91.79639647552345
91.7977101215856
91.81764651925359
91.89557524417434
91.92027513703849
91.95494568457113
91.95751042269146
92.03106288767584
92.04293197525847
92.17088190257664
92.18388686488419
92.1981178422797
92.2125697536025
92.28954221911648
92.29664968269547
92.30397786487636
92.31210593479874
92.32529534400207
92.35503343768661
92.37205634629214
92.42110669307606
92.44214604208857
92.48815353353763
92.49600724962586
92.51619937022781
92.59245927844415
92.63844253179245
92.70943235996197
92.74135457210313
92.95755459509195
92.95755459509195
92.97449158051337
92.98462554884708
92.98594848518334
92.9916692024624
93.0985025931671
93.14951062390386
93.19710333326888
93.20718554555283
93.22307784024615
93.31381546349066
93.31381546349066
93.42595292481188
93.47840244887392
93.50126001730115
93.52836353996447
93.5674524092753
93.73261215185849
93.77918182992885
93.79832016070847
93.8277837846326
93.83606520447924
93.84811656841121
93.86599897062172
93.96627797606449
94.00249239230655
94.04512314511406
94.08747651992876
94.0910158150266
94.16744567340257
94.17437518290126
94.2218299390444
94.23673441104253
94.30154821453472
94.35714025181045
94.44663160304592
94.45388128116738
94.49824200785054
94.53607235191298
94.57061309152454
94.60226618980022
94.64310696402178
94.64617372282383
94.66406686480236
94.85960717765302
94.90660920683058
94.97752185938896
95.0195977853736
95.0821272013033
95.09049987131294
95.12335571576504
95.13134492249344
95.14039200594324
95.1844210160703
95.21103133224896
95.22909392766516
95.23344264171806
95.24471690761527
95.33784506828269
95.33873546947935
95.4743896355177
95.48548908200893
95.4896647631804
95.61874629717953
95.66000044177214
95.8251857903244
95.95259563993275
95.9630609161909
96.07706610997325
96.25322720344955
96.27653296464113
96.28259169639259
96.3330608020891
96.3897989575184
96.65736829473667
96.66395210900825
96.722386708033
96.78549787334491
96.87100211804548
96.87477254420295
96.90139640004313
97.05253339055233
97.11784890192068
97.12872706451056
97.17232570430615
97.17795436752053
97.2740198206016
97.33601825189483
97.33722894013007
97.35287420914507
97.52851766326916
97.64746216768687
97.7024537414611
97.71351191927862
97.79647601458329
97.83565682690337
97.83736596114329
97.85955027860415
97.88825417425919
97.95956437624203
97.95956437624203
98.00119699974788
98.00531417517018
98.01969528534363
98.03049262510756
98.07278232455646
98.12188918686776
98.15267604927577
98.39751554126937
98.42395288495726
98.54246937933247
98.60627345561149
98.62582074456961
98.63766416150233
98.66574742131726
98.90138919880299
98.90525464563297
99.0503320365315
99.06579121204985
99.10766813364235
99.11344877641419
99.2010287307802
99.2010287307802
99.3331173168413
99.3619770887292
99.39197172316554
99.45919316904941
99.47749774521523
99.56647669719337
99.6099947230147
99.6275154963968
99.77361052483852
99.77846400672819
99.78268916267365
99.8476884627288
99.895438726799
99.9100491134968
100.04686435130975
100.0500840682232
100.09832376539508
100.11021539040259
100.16294412949853
100.23053701467958
100.23624343745495
100.27381999437068
100.29093189252033
100.33162329946299
100.52700771711939
100.58385095496223
100.6291298511432
100.71564457364852
100.8043095865314
100.81292824230387
100.81865880710006
100.84341773114298
100.86239128209758
100.86478589385125
100.87730902494252
100.97072755066212
100.97075757411638
100.97110164473044
101.05019753397657
101.09161368865192
101.09763597640169
101.14578479434049
101.17916224061346
101.23774006552458
101.33830900151476
101.33830900151476
101.3593899803737
101.38231234291514
101.39414322074151
101.40136046546338
101.41667232825735
101.42979170335516
101.45091412811128
