0.03140019150608258
0.0039963617428693905
0.011630588988144546
0.028700333926844148
0.03226745810699904
0.044858832021326754
0.030301623720212726
0.04339331555741849
0.011397787832568658
0.06983935741404673
0.012141012769960083
0.00668885360078909
0.01673302261599547
0.0011811764259096907
0.0071483683895676615
0.03831519806492197
4.016143507496758E-4
0.10652942619461028
0.02418044141047283
0.015242218268028766
0.0068911257982750065
0.0050575877067721795
0.033102280491893905
0.10333496037406018
0.007465295816551076
0.1217975809513092
0.0071752684911698394
0.002871635432699793
0.06244677801984141
0.03540820352439154
4.526220177355664E-5
0.04015491451562497
0.05156282704389927
0.003992110794717068
9.790544723957725E-4
0.01735303582364408
0.004258078801629362
8.298898141088706E-4
0.015086935466998285
0.00283794466808149
9.685311517288172E-4
0.0043766366349861354
0.012513931363067712
0.0390099891157864
0.01887251486510285
0.016119164050308277
0.010186041338872352
0.010396522547244203
0.009462187191437987
0.0022671251110935845
0.03506098300066187
0.009813947504648587
0.0025612829861855232
0.01187946574910137
0.017759224911395515
0.011934233573108617
0.005713561103690221
7.703909100534872E-4
0.00783910791584192
0.013989768002426151
0.014352861302219404
0.0527249437306602
0.05266093456044035
0.01721245205527323
0.0020660029092450316
0.005584668001639044
0.0039669182159937505
0.003892738604563617
5.24250950753017E-4
0.002461519551007252
1.6565098931214614E-4
1.9576890088513762E-4
0.003034751331282279
0.010115747356316065
0.10744263946459953
0.0058908040094966755
0.006889015482490194
0.001626680066162444
0.0453158912343598
0.006640381306502359
0.018105163768351855
0.030241455214222408
0.012249796772070089
0.005206746692301476
0.02384214027360981
0.008722408771169234
0.009002960922857921
0.002634612243631967
0.008255124649333917
0.06073840562787536
0.008964677551380801
0.011624460059524229
0.0035783755034958565
8.315441329172849E-4
4.617524944000891E-4
1.4138878393089118E-5
0.065042736983287
0.011163646903556366
0.01615712273028497
0.012269741697399581
0.0011642908705842227
0.047232819808852404
0.007909313175057872
0.0610901220857446
0.0035958832251061115
0.013601104229241441
0.024982063065113025
0.028290143897684843
0.024507940768466532
0.004440542014996528
0.0026424152506240323
0.009347357770780811
0.07558941524625554
0.0030377148446660697
0.030005346945062936
0.027487088745819233
0.009678783509751158
0.015627688954390775
0.014275905354401538
0.006657171250263186
0.05788970400215896
0.005081004041799039
0.011511455682256165
0.00944429219170628
0.015598850437561188
0.00970967791097508
0.005276698127638121
0.007439584083921414
0.01113807493419467
0.06728577340239936
0.052089054021975924
0.007602465002075488
0.006163549587596316
6.216918811595636E-4
0.02726959427615462
0.0032004605707613982
0.014973097953253139
0.0024866569557781123
0.029551400424297443
0.026904351000816416
0.00205881248970118
0.08895190663556218
0.016673018985222672
0.0011511764677596403
0.021355227104719172
0.00303028628137777
0.010539586314937593
3.4527660585160884E-4
0.007134243043437853
0.015798064166729416
6.799393019321154E-4
0.00803867069113146
0.01303176592448578
0.04195817157725989
2.0248011700445989E-4
0.006759042281634931
0.0022630110244073213
0.021357285119709087
0.0016620401442399603
0.005116333856549501
0.0395379012058707
0.019343663759763582
0.009048169949866403
0.006367935526491372
0.009057424536360777
0.01726216226210581
0.008495669264722103
0.012725164268655487
0.004176647907362541
0.07405920430240642
0.020569596718354087
0.0019198613666599339
0.007752785125944277
0.029432873732666
0.009744932591194154
0.0011318181770003993
0.007003904438085161
0.014989500306208055
0.010232786326571298
0.0025984916576678742
0.006295023073412239
0.013449236659397094
6.038530409708267E-4
0.00995687912580682
0.013217337469496528
0.02436916767051518
0.0275020148930779
2.2815638313691968E-4
0.006899578573504439
0.010458551556729217
0.008064849374753371
0.024069757595355405
0.017972507029577294
0.006330246575354459
0.023155104380967337
0.022904430477203076
0.01053691012287879
0.008193879484892922
0.004190597784537828
0.0046834376368847805
0.007654756976415725
0.05506566865845434
0.0184546222800021
0.0039053184627685406
0.006889107511194314
0.028248360705766896
9.707977849980125E-4
0.014616654925467954
0.006474319075200442
0.03944363992183463
0.013010910285531236
0.03133530760412573
0.01752817564985736
0.018100136017282005
0.022854939504987484
0.03971727907976763
0.015314955274569218
1.1090941007706378E-4
0.0045170095874882635
0.011616658085922668
0.001371386388191929
0.004330385847317388
0.0144901776346403
0.005548936071867762
3.8400162333682077E-4
0.02058897927021818
0.020874174931727756
0.0085393282854274
0.031275900434167635
0.0022782456940348495
0.003127793118340063
0.03616087712713826
0.02662586781276718
0.012227582819656153
0.009052167015329618
0.01686276834027683
0.007628338210967303
0.009103496516155512
0.015670882194140333
0.015891272154238415
0.020258948802511743
0.0039158440868093105
0.06213685343052608
5.73326579743195E-4
0.021328576788522957
0.020201862837005403
0.005842485611296675
0.002620203742084638
0.0411557773325382
0.003687565327776992
0.014007195018085066
0.04123875604396666
0.0033348869009844043
0.004306569159122334
0.014211206279318715
0.011871112331595475
0.03718817086545647
6.898585406827621E-4
0.014990135653252306
0.08258506017094491
0.02661138868765043
0.006805138013573797
0.02608347956446457
0.012479468194199036
0.010852555538840031
0.05693210315311655
0.015113744498175272
0.0015297180621810017
0.025258600729779174
0.011608614453652596
8.572485970921716E-4
0.007272800143707412
0.00784721590679201
0.02071233482718154
0.020442976496993018
0.04230396362662684
0.0021647792814222613
0.016505675698289615
0.0912732242123695
0.026716652491867124
0.014368699322879902
0.010513582299292716
0.015728787990844553
0.012369255506369012
0.005616372745316836
0.017031863372058514
0.012286411272565675
0.00543897688071427
0.03319760873173125
0.031033006034079613
0.0027134038272776492
0.0247350787858838
0.0027941446407468594
0.011087397286620924
0.0022635572157049338
0.004855011830065631
0.004459978143313537
0.019142180270012802
0.008786001187927077
0.009709955645978834
0.021820484982328813
0.010680741666299828
0.0206199401259716
0.024633602864469892
0.03481475068791743
0.011399930827079359
0.007516972082415272
0.018323346482715594
0.003805417838990497
0.002374634422229531
0.04037217931570064
0.014781364612015093
0.011911077340106711
0.002502721706624503
0.001893132971477946
0.00853242847738458
0.007455761059890175
0.01484735150886862
0.012625648167268388
0.019407477470879817
0.02134209634182713
0.007076615300989973
0.003100489162536757
0.017442074935723962
0.03642833657478133
0.017179921074959317
0.032116927744554775
0.05783174039687285
0.05922718916316848
0.02454044738248486
0.010946268963950428
0.0654421270936048
0.032933124503990274
0.011358949685740293
0.02167063628449481
0.0043800350601465
4.726791905648276E-4
0.012818129611938147
0.03403902893218087
0.011429092986417836
0.0047565098978359045
0.028845520990985925
0.01728066685273892
0.019804338405897307
4.6467144690125856E-4
0.006678656678276378
0.01323933363301479
0.05650722476078189
0.045983634315804364
0.023175044347664722
3.6071956678197645E-4
0.0208091492722427
0.022806739914584775
0.06961876096009456
0.017429017670501937
0.007467371250095687
0.01353879929532732
0.01466269439371296
0.010384638651577942
0.008836056987088167
0.0336464015082015
0.05670063160037149
0.007909258006783808
0.015879050971540902
0.010583775161157416
0.05755915953368092
0.008232454478230978
0.012362014820666447
0.009369423351694538
0.02901985024788124
0.013547379692970577
6.819138481952393E-4
0.04533967653026073
0.07390659020102112
0.009732203801273542
0.002355106326941806
0.01869338799172117
0.017132521228228476
0.024203658557891528
0.011808366402035106
0.014413923841855705
0.013246498504526385
0.027229353272593255
0.034426178699791525
0.02259647192254513
0.08599892087057887
0.010558225371274483
0.01757731242089653
0.02414159681309828
0.027603539662825215
0.009481493297844304
0.08490523983157792
0.0019167312850591352
0.11499855374978661
0.010098232305075804
0.01970121643073709
0.0529887394693584
0.019924384413530963
1.789855234081123E-4
0.0066153016517037505
0.025442575950418395
0.008481979783108612
0.09913005031484294
0.0019545241388219665
0.04374267718912889
0.017137424805609487
0.01623176034915701
0.015418062518740932
0.020259628560674675
0.016436117520099526
0.006836518103855023
0.025438063298433407
0.033538619066964676
0.003889535196129941
0.0021296369047576562
0.018383211123682297
0.033849338163782224
0.0050965326672732176
0.05598126828504201
0.004602504732602254
0.12904688665404151
1.262165809754374E-17
0.02534900975599819
0.031233635220782534
0.018309290068703053
0.015354707298089581
0.014134647459130886
0.020941306549500514
0.019169222760113666
0.0015821237903184376
0.034172232941295004
9.060342896899049E-4
0.0318759750997485
0.025075990643905567
0.07397221042572356
0.005474015865883553
7.486679572158545E-4
9.756982445587913E-6
3.3224877403616025E-4
0.0010734497628825267
0.013218887932823609
6.441673041456663E-4
0.030750998758066056
3.816482436534044E-4
0.06951723683429822
0.026804388398570186
0.06430837323761122
5.37029781571484E-4
0.014785612629830712
0.011053435329923847
0.011662560924514271
6.553735526831438E-4
0.05322434989304744
0.008898535139784046
0.08881588493661664
0.013427706468464326
0.06852869167041452
0.02017630562196498
0.021627367724005662
0.006973538649356983
0.01009735179919906
0.007267356466785074
0.005096208281155192
0.0026176133608499376
0.011159932320292868
0.01610603489325653
0.013876011574946143
0.03473222805762251
0.002883824454520766
0.06920675379093899
0.02413071711964283
0.009617529309946284
0.059307247700584695
0.0048202557437789185
0.002893425478961926
0.001877962046784022
0.03372836109902138
0.011773685556316981
0.014226693686944602
0.025748825297454196
0.01708166044690574
0.01021163910894777
0.006602551977336391
0.005328219026728513
0.033731800903082226
0.0052792797546389785
0.016169723988940482
0.013813409243135715
0.025466572700959186
0.0021425355477293845
0.07231408959552155
0.021846733947939023
0.03132809723092998
7.227719559001204E-18
0.024059058492965153
0.0059733395065183935
0.02992378561763093
0.0016577163937029713
0.01734820569178611
0.06744395277860911
0.03384176501731761
0.006659141537269534
0.01921593339335893
0.012532804266745919
0.01645806711900545
0.003820654942870692
0.016453033392944023
0.0014216608157619625
0.015160863106082117
0.018880743630046277
0.01791435217033896
0.0034359849320313965
0.0022427378514662654
0.0033382465082277997
0.002151902596404773
0.07481098088603047
0.02001520677338751
0.010625445605188586
0.0025731214047524133
0.03706658910172685
0.0025309787985134404
0.002109382023080659
0.023602172423043893
0.0025346596049639174
0.06036016166088569
0.016168779185104974
0.0033916818382941495
0.06727422105554072
0.016184269245051185
0.002873625308259109
0.0036143640716500823
0.021508920410691
0.033061485651172756
0.03185906439408632
0.021772453384930276
0.0029728441664936475
0.006727845772448827
0.021956964200644025
0.008478105700487579
0.016025940683469717
0.01698865352443726
0.021351607590539324
0.0060878978903037345
0.00612037843540769
0.013429562675063698
0.1298427372914274
0.010214301510541967
0.014130729721104036
0.037208644044106405
0.003240247806354217
0.00960515374296343
0.04646443975833876
0.04636983100736406
0.0810087613232743
0.012396671232597727
0.018387802899479094
0.00552059117593842
0.002914814719580422
0.02253763062347461
1.1555843308887525E-4
0.0319825272867114
0.02875981513528636
0.027561006799150405
0.001022449368963722
0.012824245692131704
6.569506946927701E-4
0.05512603915452395
0.01533419251965138
0.010769181637782949
0.0016988066930000894
0.020194597578128522
0.014948420649121429
0.0026307581030189857
0.026647813622458903
0.010749115945793756
0.04702152541107183
0.016625375741923576
0.08398666038785302
0.01443229932630885
0.005581374585707124
0.035881299879393536
0.004550827118456028
0.006460940668777925
0.017784838006701158
0.005019241916261488
0.017141411474305736
0.0357005192782645
0.021658294596033155
0.05994642384536201
0.01364926286421099
0.004913812921698019
0.006148186645505841
0.021157057530470442
0.0014036110553747529
0.02926151824199435
0.08301215360436162
0.003266139863550807
0.00944100632213357
0.0030760852989905494
0.013617668887750966
0.06559917070384598
0.009334713470926173
0.016251225948122488
0.005499842980041563
0.04420652496104933
0.012440827115979748
0.0011089166920748349
0.0020134847978169443
0.04354013222664909
0.0156577674796107
0.015608414853096456
0.01956596207891338
0.0023297227782963794
0.04472712820460413
0.009441195558996475
0.014926131255539148
0.005467237978168753
0.023079951113456412
0.04924671006977343
0.004196872066362773
0.0035834131855494618
0.02811561482811732
0.007788068723095814
8.731313121593584E-4
0.03366586901613337
0.011779466956782414
0.006787135895549939
0.015156346001371938
0.02687481323128357
0.01357124099006184
0.021156679182015067
0.0060469906411952015
0.001696973792077424
0.012234329309366892
0.004747087153583909
0.035109233017426585
0.020689958330081203
0.027578241338839307
0.024752925372227497
0.02649061646994395
0.014152632403575132
0.04033379065271931
0.06027355088972813
0.007479055766981854
0.005346843594861865
0.01268584949815274
0.04595147691544073
0.025855529514961305
0.023047833281313008
0.012383143451813792
0.007927322758528144
0.0022942837511489554
0.025014861189504186
0.039277223838214026
0.02437910684573845
0.021373468224093615
0.003768171890107881
0.014337798852418905
0.028623410849160102
0.00525199695012455
0.10781365158994788
0.010598528581660991
0.006336006264667616
0.050382007742083665
0.005298220020168305
2.2970329540138764E-4
0.022070923356203802
0.09809497865412312
0.009905300294668781
0.046493295825249116
0.02168995273166402
0.0037219535173238258
0.03612443639971233
0.04827367473295046
0.011805190341610238
0.004593786885754528
0.015057397190830353
0.0017748424724260312
0.04556319048975462
7.219487065854591E-4
0.005108504489988542
0.023974356488075582
0.065805329543586
0.027595113930904695
1.4389997302278408E-4
0.035292538563878
0.03795850480142286
0.006922834430005059
0.0016104271338370376
0.035809816236476624
0.024144260485292588
0.004963542768229355
0.01635885680920588
0.0010614996624512248
0.036142570295039846
0.004750225225987886
0.006117140124033414
0.010400441663790916
0.01856421107492819
0.03420869581887935
0.040524721855344815
0.039133795447331796
0.025745413122882272
0.036037967854451104
0.03374349013397722
3.74021874496474E-5
0.0143749556641474
0.07036065483686657
0.011861667888181552
0.08538536261945884
0.009813999013924796
0.013172896610281601
0.03000828771657081
0.014078887342472967
0.0422974643719821
0.02507579571735518
0.024520640412716756
0.012135331893054466
0.0012676160359225536
0.005008863389302284
0.03434545144415584
0.013232196995897224
0.012118933958936508
0.05462099622103625
0.013952582471853367
1.2269950431566848E-4
0.02378790455106497
0.016917360065464508
0.004956774882569546
0.02023933006785478
0.07012170262485773
0.03360356411129663
0.007074828947044658
0.007112340114991566
0.0033967514026789565
0.037518071001764616
0.024906110012071745
0.06781011350140502
0.0025434320975675747
0.013417438161197868
0.03411571623050282
0.001127200755232441
0.011259723414566653
0.001423624103868725
0.01605554403534955
0.007008697184130373
0.02473760165078446
0.006478494101088575
0.0212355548920538
0.034747430678333774
0.03629555048588229
0.11703275850781622
0.020480067100971597
0.014288285992045735
0.0074114801077100395
7.15226141989661E-4
0.012816923050592486
0.008130404142671027
0.031273745371213676
0.012278200105974888
0.002416055460014816
0.02096913431369297
0.05286617595993382
0.02506577154687546
0.02799336060949233
0.03397494697316008
0.006297335786834316
0.0011591915231770231
0.015287281112901108
0.03518656908358262
0.045229054419937825
0.051166730827295184
0.03722729378780154
0.0020550466804394297
0.018410971226393052
0.05246660159725585
0.011733895950654659
0.03149934231561726
0.019051871318078558
0.00612963704220332
0.004544782687857194
0.044880696168895826
0.01586202156829768
0.0025679744455872587
0.041257359723411796
0.0035532336388776104
0.04844403798680648
0.006343387970851222
0.019698321429006044
0.011421890521833991
0.0031888034338739516
0.04668047467580225
0.015148490318826174
0.006976862702595572
0.03848901240558845
0.07764600607770256
0.06285466317116666
0.025850941880274442
0.014142805250719466
0.002193590934381759
0.027148623739082067
0.033665085967485055
7.84654819025559E-4
0.004251729244145887
0.005179681226577295
0.007718238637090343
0.0232039512522509
0.024755735791929964
0.08380684730831055
0.03633426533731429
0.002757824637221749
0.002170716502445536
0.03250644064423779
0.0048186809962038136
0.04141669462619799
0.05213099174230606
0.014850989715020598
0.003221395041846255
0.0016849560081761018
0.007293523048209594
0.010535537378752156
0.02846008305929797
0.03275480639387549
0.015229338414417688
0.035910756371609086
0.0021878522124382876
0.01078212067262697
0.005863647317651882
0.02672647795832063
0.008984360387463348
0.020264976008594556
0.05029984186608022
0.006972841231123594
0.005615189741792769
0.008457448266387821
0.015913704496099322
0.005867505959166288
0.011554303581010839
0.01522587292173401
1.1869461203358417E-4
0.0034045612320460186
0.020942579133749514
0.01890210703268831
8.189120753699205E-4
0.018246895899864876
0.015467632475089706
0.03184826009502815
0.009323156731005214
0.06479264835982107
0.0022223211105056005
0.00444902494804909
0.008199449911993149
0.007012482640544346
0.0011664956563529666
0.01006846584970218
0.028364658406981498
0.004444486020203853
0.015195357974485076
0.02725795856945838
0.023541746269530477
0.01989781983572208
0.043884866733332736
0.04307426095043614
0.0421597881513056
0.009315238398916258
0.055705282471758495
0.01024675195978695
0.02565074147857437
0.022674499152258484
0.01401339914111588
0.002815717607804126
0.012933350764665398
0.06447714535551557
0.012129402762918632
0.0010688998856740375
0.03464979580292582
0.011461156480871308
0.03472351718584898
0.003889208296110126
0.02762269841816565
0.0028851805927434
0.0066574990348720635
0.005769801817057013
0.011855709779686367
0.030977463148197843
0.005489680340535787
0.001379288808288563
0.010338735218391081
0.009436277635224873
0.016696744744750594
0.015338155130737063
0.005891714381355521
0.008923040282534444
0.010848466611380678
2.3118788023868654E-4
0.010603438107074944
0.010501061347137368
0.010123547197491417
0.020161963958253565
0.03337291210627372
0.007729516827228107
0.024431360801676846
0.014124699045331309
0.008728809345485688
0.06914090612093221
0.05727390389211327
0.011652329280221871
0.11274521474689918
0.002553581407856273
0.012181703011409898
0.030450817891951715
0.01830473923796677
0.006826479619680185
0.029444085232318784
0.0021459444200180606
0.010118499015296769
0.00911525475814268
0.011229630609591116
0.014451038359601992
0.001274793287491129
0.024701415039074828
0.02421231347402278
0.02534532150162408
0.007451496981128061
0.0013447929580744525
0.02672547164988911
0.0075875511162578554
0.01194598238914545
0.0052549180980876855
0.030298293706138152
0.09902581015541877
0.036341280967736665
0.0324004362157499
0.03131109790303322
0.027536179280252947
0.00452797555727173
0.0018244645366462427
0.0029946331482867848
0.014349899773701165
0.027773999196122594
0.020908629702153358
0.07251144180376817
0.01639331473454869
0.0024975859647638427
2.0343564041393425E-4
0.011166713922480314
0.017934684556971843
0.0295794517169246
0.07751675782620075
0.03598178451468416
0.002205576128322121
0.010195007448547044
0.02114865971252765
0.005029304155473438
0.030085563164113812
0.07171047556640471
0.01904327763874133
0.03218314210990027
0.04860993679566172
0.0032349620414595937
0.016917938199301794
0.017399429949554172
0.005895805123713445
0.009323903622889916
0.00418495311390981
0.010940967259459986
0.005026686115872096
0.03363408051749587
0.002313412668096566
0.016713822238274768
0.06253627235179177
0.025812829954809914
2.6431737019592786E-4
0.02480175186202512
0.12708940876546437
0.0026316369826508055
0.010914706081651734
0.013656709543956772
0.0022437155344241905
0.020969366785238072
0.0156321678087976
0.023059084896226746
0.010213186069704346
0.036005192341185446
0.012792998042692053
0.010595745516733717
0.005309600997556452
0.03155319198291438
1.5105798633758324E-4
0.004004378414941656
0.01865683529869479
0.0038227445585547262
0.031781766699339055
0.01370710425804644
0.013927283125225254
0.07935342347407394
0.020216305075849733
0.037861860740755114
0.02200003670127691
0.024841389887634763
0.031939336716920355
0.009861871639334573
0.019885831346355676
0.013425063549526347
0.007060690272247896
0.017766610180120868
0.024681846423068993
0.025080896863715327
0.03908685961514076
0.06612212472717632
0.03361157253904343
0.09356637559706171
0.0017594621715163446
0.014246500501301614
0.003409996499936422
0.06589872119378103
0.007557308393929037
0.009130733779230715
0.015028102514096739
0.013664104244141797
0.0074290334227574235
0.008686470064641363
0.01199716263075014
1.0066526893402014E-4
0.019899164661057924
0.006905295316475208
0.021197877578677925
0.002271211369736972
0.0016465658675681946
0.021007323485562255
0.004679872380933455
0.0023116103415763726
0.05816262421067442
0.0280948647444393
0.005032121858283339
0.01701939586367075
0.03860727076705453
0.03938113690220723
0.0029468696276919947
0.01594733774351198
0.004900135659510693
0.024073281393690537
0.053233369955502756
0.007822134677387939
0.022837735886467793
0.024715036656727987
0.041075936691751115
7.891700427206548E-4
0.016247671570663754
0.017925992936744625
0.01377718710747785
0.040492851552542064
0.00799002326910071
0.006616154831678371
0.055290556113953185
0.028504293488518052
0.001948202737365178
0.006850079972214841
0.0012078558575520234
0.004028027274384337
0.033285500265832754
0.009599562471285867
0.0048108597095664705
0.011764500843336113
0.0074224982357319795
0.014646463801937881
0.005476431543201122
0.010835105256286141
0.006078894365892538
0.0050423868915703204
0.002793246669576752
0.009783504811421167
0.0052188389014810625
0.008590227678646926
0.02082303286101761
0.007153125869094576
0.0223060443973953
0.05531163112896678
0.010282333143090312
0.01879367409780151
0.04717031874620325
0.006596128135657781
0.05392520900994413
0.021275015668759924
0.03079353624577115
0.02651925486189725
0.05114567849479767
0.01938062449362157
0.014910728124675088
0.03366624446425528
0.06894524355119078
0.00773613481954903
0.03579727550433859
0.03103300619315509
0.0014340239489072366
0.012999981171228728
0.02926025357931583
0.028010445321818452
0.04203481658024615
2.2773777183296702E-4
0.07956239396977394
0.03190944960892913
0.0553171437758445
0.02199823804050262
0.007022283610591219
0.020776314200260465
0.015503557988814896
0.007585614579656915
0.024076909109148024
1.822456537107192E-4
0.011139029479066071
0.0049335105928872205
0.008060394778546847
0.017293420915171314
0.020493633720859585
0.00870514340641703
0.0028545253517696227
0.030466940535495812
0.0027047018263536868
0.014450406268038275
0.005884641000714215
0.037340606083189974
0.011132192604910902
0.02642749973619531
0.022127772971602257
0.009303844972124933
0.006140748059981784
2.68313275955309E-4
0.015959192624855654
0.013452271106270033
0.0014434987238694345
0.0013857631848479641
0.0750027683419403
0.036183471968877744
0.011527923298397538
0.008951768355688446
0.01195682341710532
0.049458112928108026
0.0017665549693702892
1.3881153918313366E-4
0.025694237511196875
0.0017993316608222423
0.04505989974047361
4.3030767633474315E-4
0.021863272165744213
0.02476531346023079
0.012037370717837182
0.04606932084589055
0.026487849344127287
0.06007631737979983
0.006633983855792365
0.001205793595428499
0.03325174237440468
0.013359344975224034
0.016915585381111403
0.0044654372394445
0.0343344481064231
0.026930228249915478
0.023447919918178017
0.002340038539714442
0.055216680674665765
0.042629489867729624
0.0062792970945242796
0.00697832503052833
7.371625543665282E-4
0.00825065851940298
6.218638775845485E-4
0.022245866938124484
0.0036604919748357556
0.012536965536496171
0.025254605938213073
0.015818795036480045
0.004641916641822455
0.006364609445897846
0.043048906856976404
0.01887612425144654
0.022796863186582403
0.024648862567378214
0.0033177349313910525
0.020769731867130343
0.0037823570796541995
0.049485331659162926
0.09104089755009244
0.007140627913481439
0.0015880183324491477
0.02072827997165685
0.06974236025185875
0.03409400424611058
0.00517365801947567
0.07363589159925497
0.014653422895722594
0.04248200361552382
0.04762658464460884
0.005868794793004725
0.028564048518905837
9.521319550794328E-4
0.002464176778485952
0.00560548829861078
0.02631948274681024
0.05635473826286131
0.001715420506118344
3.9002656185677147E-4
0.007955969243823212
0.016987217237120076
0.003872711068972812
0.002599744668131991
0.025600966725962987
0.006131952000083324
0.01808734555803798
0.0020764541367181374
0.0017533699816084363
0.0065848840940086655
0.01297349396559721
0.05962942407745911
0.01180643108571882
0.0055552632601258
0.01722620242284594
0.007888622009083284
0.007624226957587973
0.07509560959988294
0.019205813886625005
0.018193656407995633
0.001920651499775535
0.0024974642026760717
0.10737626870147816
0.04051803866750132
0.03762239937515213
0.008836356865925375
0.015282416081347923
0.027420668187965
0.013811287294414354
0.025082012900815586
0.026113179798148776
0.02645953177323609
0.007602303870196293
0.016396381954450957
0.0029715244100949026
0.004485499986100525
0.027533539596013144
0.03495548962424701
0.020661889647453077
0.021078315427895098
0.0016127508612237
0.027052918247490888
0.1211413573415624
0.020452165591036936
0.0012033387082591037
0.0024855375589625363
4.0883632403522935E-4
0.008235814616104339
0.05653699674073442
0.016330926579138413
0.01606862755992224
0.020825666003486874
0.0464440874180582
4.2474812664126125E-4
0.02068807208874694
0.002723512958455982
0.004782011682775425
0.020469355312939877
0.004751393028412237
0.0022454247227660096
0.013306605470173358
0.003092234300029408
0.0071828199156711995
0.05661672593169005
0.007300440000036356
0.016872975692570538
0.0027420873574858415
0.011737057822350528
0.0026429809576433276
0.008395851426415923
0.004606846102595935
0.008777030353452198
0.01873396941485885
0.005831123185067388
0.007794719342723139
0.004291529170566354
0.046208255026845314
0.015275937022901503
0.011116620782200872
0.06325903013757916
0.007310993175269848
0.0470957685960469
0.0051681072713989215
0.01636380957045518
0.0046721735053296635
0.014018832458462019
0.018235097243952145
0.027328308185129196
0.017895906948160897
7.447384034472857E-4
1.1471839842511341E-4
0.036751234548008965
0.007969691499361569
0.031158058597826985
0.0013341399582326783
0.028991523948449893
0.0598712555748653
0.03825920912338171
0.03399814445995272
0.011790461710207017
0.02465468639729001
0.0022842332593374314
0.02442459166733492
0.020337540218509066
0.0417806390016967
0.015461565372053915
1.8304378973955383E-5
0.024949819991399756
0.08291707907149512
0.009477112368184451
0.025119055995855104
0.044323648821442636
0.0046376061236652446
0.10764311400900688
0.018636444314787566
0.015316052027861434
0.0032444582933413278
0.05739261669668722
0.06794148300324757
0.03502588738333695
0.019802068652051735
0.028033378605749296
0.009810283566030958
0.004153190370986609
0.023316445547064694
0.00747844373102338
0.018993678784121764
0.004549227102598638
0.007377643649557889
0.008161633817409543
0.014005437795036985
0.0010186074369778536
0.038167851128937905
0.004105089559095125
0.004747905850884744
0.0014284661931697781
0.0014083108438028465
0.0059294964262453734
0.016840572285564043
0.00971099664988128
0.017513962996558486
0.024445429798980036
0.006478562710503353
6.979525898258473E-5
0.015299338292531262
0.006598214406069328
0.027141026543954658
0.005793493437795087
0.025463453769968572
0.050351427428987655
0.02423004246872401
2.138907493336173E-4
0.01904209018856504
0.0043999011092830595
0.06544686234630713
0.01937825304952054
0.03601666901131496
0.017922003170391314
9.763874418450463E-4
0.0224117205272617
0.02050605052255939
0.013636326610845665
0.03513126927619929
0.009039328047538788
0.002668389835180273
0.018264915335630856
0.03245837031912728
0.040203905604750304
0.009292596732864046
0.03125558712728179
0.026152605263380726
3.0706577377666517E-4
0.01576633307081667
0.026337958394090255
0.025138410729633194
0.03334974318438571
0.0033615569451408154
0.021211061735576804
0.004447643289624482
0.008023234020556953
0.01577901362198026
0.020056135833252355
0.027764509172302283
1.3847423880182248E-4
4.1611550741779555E-4
0.014230205315717427
0.027416379137739994
0.026566876518399726
0.005687983786550377
0.030310624169043128
9.339857930718365E-4
0.008548109801271313
0.02237229535558757
0.021773211298410162
0.03667325887948234
0.1291457398592269
0.002828054914997197
0.003625054532842749
0.03091882146697479
0.011142018844264436
0.05078624544175773
0.05272290699154288
0.012026158290954955
0.03276885480384856
0.015506936714327842
0.011602566226392432
0.020580904364358395
0.01022846454809654
0.017283252080644764
0.005600272494454074
6.215449692130313E-4
0.060751817932344646
8.400141669292686E-4
0.03385262673749489
0.002825931432292106
0.002639983238778478
0.004207487631522171
0.005005310382658891
0.0010763395498975782
0.003479345544069143
0.0059759317366757415
0.030386505951215385
0.004405386147406899
0.041578648125550434
0.00198993693429256
0.023520319843390924
0.008001060819976194
1.4678298968102637E-4
0.05277615855324433
0.02346453756455086
0.006798924914367144
0.03505803734442448
0.03569037137337764
0.07332273760196895
0.01551721705041354
0.00930283151597188
0.027411000104206787
0.0011800769886154147
0.02388885896847764
0.020140833117668594
0.044711978796013054
0.024197690787335767
0.049638463688475104
0.03303634852838769
0.0078237956884801
0.001603453834549031
0.04428501395798128
0.02868449234104807
0.14183431451842496
0.1581024938074022
0.020349468185315744
0.029221285900313865
0.054021106827600786
0.027726134605069296
0.02974093925989357
0.0013275132040923242
0.0031142573229191307
0.07443894925224351
0.01811564100119752
0.020955934279414286
0.02742376869410099
0.04141725463083326
0.007065486789017902
0.009097161269806468
0.010131715206073137
0.008455333223126745
0.0015483065519951672
0.020780978971978857
0.02557138268072559
0.02834735248425582
0.0020704864568633487
0.007614902198988393
0.06329512362801
0.0012591700572062118
0.030934088148229195
0.011139477636184855
0.00843674118199209
6.884498193627871E-4
0.029581891239150615
0.026099451528671554
0.0017926579841933514
0.014148063669141892
0.05481423087645281
0.0316079935488275
0.010184952679975079
0.019032295578211317
0.02292610222268677
0.01427337585747902
0.05382689449463962
0.03472607772224478
0.005035103706075882
0.0010487551893544873
0.011889476678807529
0.002729329539215604
0.0050781498293186065
1.7001881571861052E-4
0.03212332871381896
0.05444122014489702
0.0017600982968907818
0.01572429430684614
0.009687447534164981
0.0031313702746315645
0.002855073438517204
0.00561675933224039
0.006582771010981345
0.00717239735375906
0.03505886110298196
0.007483745215099984
0.02304982530438369
0.024109990515565876
0.008668284884530688
0.0047848062760350385
0.03794646239694607
0.0057415442425218285
0.01132539586213039
0.008910959930482689
0.004012236306917678
0.0011486004385504638
0.0399603558728914
0.008958941798531241
0.001183040835298862
1.7756081638316428E-4
0.030783062462918835
0.011002853018793307
0.011355631662205436
0.022532944651223904
0.05277907035458927
0.039179281850544465
0.027902413523391685
0.02967079124068076
0.0030531694906576505
0.009519071629853118
0.029602188312601863
0.05653749608027223
0.013927729081509858
0.005126797928699077
0.026890680313584638
3.295761534439798E-4
0.005971051384455762
0.022749581360923043
0.003403291947949445
0.014858556761179231
0.012037751014886956
0.0354242094977604
0.042961082030169226
0.02865150391914479
0.023913122164578776
0.011894948873664803
0.010768715941713889
0.002508378697486921
0.008240949857260316
6.324234281968889E-4
0.05263327151906401
0.008110274342073984
0.017702882013853016
0.017527926574560843
0.008909571860794527
0.005341527885260987
0.04550268696808308
0.07015173711164428
0.017708447245451335
0.024832813592454463
0.01361832971362326
0.05986583635734656
0.006101257749119257
0.024201353482679773
0.01067565311776313
0.03861751447839405
0.0026167609968018378
0.013955761610123246
0.008432261390586306
0.020578702769751173
0.06780119083280682
0.017985394708732793
0.0017766979135821171
0.00813973267281064
0.053378145268742114
0.014321419850495268
0.004632369921724454
0.05394437349434698
0.01634798098587721
0.05788859262909677
0.050368517948729416
0.0020610746583676954
0.021484400361437617
0.008633535928177226
0.011115600152435715
0.04006530124174566
0.009308690835824989
0.014056235468229402
0.05727755232390478
0.0028830492154836938
0.021196774703613794
0.01903275278202953
0.0059366470022886595
0.0015823474837332733
0.0022376451235411243
0.022399064372791253
8.855073978068367E-4
0.01502631096482441
0.012044672720766689
0.017154641599839836
0.001859764080692527
0.018427272283841712
0.01587742318599807
0.0035010830240146604
0.016241432223600197
9.491110203528349E-4
0.1115503084136007
0.05321721191897832
0.0019325567162076008
0.01388145937334153
0.05981741473776743
0.0016974185556581447
0.0021675620252386806
0.04044437758641798
0.005315978807347759
0.019989777811375262
0.013228688338249616
0.08118375297497521
0.005728548387390689
0.03820438192179909
0.013668197438788995
0.002960530510662629
0.008835823649718964
0.036519375369231964
0.041683461803738955
0.005773608629350329
0.01788638751155262
0.041799534998068974
8.024474430549039E-4
0.0028120258991938627
0.10465260916753837
0.024352911279139366
0.009462902098487009
0.02120586995272278
0.011323214038660963
0.025858325993594868
0.011762197781944834
0.001235096615835292
0.002414427586884648
0.0028708437479571386
0.06744232640314834
0.010200552914805936
0.03206521073548853
0.0319678280618605
0.042554539844759924
0.03879417564709385
0.03299483473253015
0.030300621302238585
0.032219310639319494
0.004615284773225832
0.043028244938720345
0.009029717038866856
0.01241178534212732
0.08856513425850171
0.020424583544244573
0.042679783551569775
0.024895738367632595
0.0169870973028737
0.04138453492637032
0.034755224286396
0.010560178562157815
0.03601001610201021
0.044412777850525824
0.02035716178164032
0.03408284354070518
0.034606705881408024
0.02060414618606515
0.07959465742869254
0.07433607146266692
5.459435681999223E-18
0.06451455551030148
1.1390672288770419E-17
0.004586554214237578
0.02786551321238639
0.04438810702723674
0.046875418505045695
0.0033046530359795716
0.0100727912000565
0.0075114508137248985
0.045209793678469376
0.002945092057298407
0.04462793967223691
0.0013367830108603992
0.005821957306937983
0.03677542540122413
0.04801669472667312
0.006135972951059249
0.010521215569735287
0.015134175667709528
0.025854830859433936
0.007511017590245159
0.07886790530107324
0.016026747046061555
0.041035939742631325
0.07661344702641333
0.02605226880372817
0.0017331951426577045
0.07244789431905921
0.0015233002841738151
0.025084736199157253
0.061296986497046464
9.842540257866223E-4
3.5802820608762714E-4
0.008514996967125776
7.795416892110678E-5
4.873367625158609E-4
0.008795651384327002
0.07694677709607199
0.007869909894868798
0.020037528395408462
0.011623224899922608
0.0018030718573729778
0.005521888950455165
0.03945985517834808
0.027694288489577317
0.03451488815072362
0.015364158487649405
0.03307874881232141
0.022946766116892982
0.04055366514082619
0.05525061723192308
0.0642584880871709
0.015800589364203917
3.2755732476812404E-4
0.04034088517887428
0.02184016210572898
0.02738238854127009
0.05626064473768398
0.02457192462286443
7.570557353126757E-5
0.010773825613685204
0.011255754294214935
4.840208203990885E-4
0.0015736977293042283
0.02086456417294314
0.03273637611703363
0.0022442511701165724
0.015425284605881126
0.0764170781684899
0.00852801491848753
0.010744929094267318
0.0031343872238280526
0.03799588553460911
0.0016575290612175077
0.07434909000126466
0.003612727975592507
0.06355236841302521
0.049392849978245223
0.029060643018660015
0.046254635256362406
0.10553352284176871
0.008965110316697196
9.054223093865612E-4
0.004626313432725851
0.013396042867575805
0.03486881682246643
0.07771744380502502
4.635449222216529E-4
0.007081254820411862
0.009831266889037266
0.03982253473410383
0.019161136340456523
0.04856519386234207
0.02699616853252979
0.0070035886832337385
0.009636006087423135
0.030368752791843853
0.020514840822968165
0.00888657314512991
0.004755040941770718
0.022882589837616818
0.0046440350342099234
9.605682152062325E-4
0.019983912382109975
0.01438061305984243
0.025248471009999985
1.057665676893356E-4
0.023132001823028155
2.857169898250272E-4
0.014840975452173562
0.005627628426844035
0.014286397730381581
0.00433884748971159
0.01943459778547566
0.01886783380796982
0.05681895476421365
0.008194159778937322
9.563544856354184E-4
0.04766001802410308
0.05571956019339661
0.04475819558332188
0.006457480467432617
0.014293547461494893
0.032882893501513716
0.008664001658312426
0.010600336705082841
0.0016080887602672068
0.013600091442326271
0.009454030416474005
6.087801797413435E-4
0.0104664600573826
0.03557915501930514
0.0011730367942885678
0.028728432060541126
0.026536736325019884
0.04032998419595361
0.02148371222440791
0.01126727796473899
0.002478145084853488
0.07166120564092127
0.008198400284212313
0.002131515119604594
0.05435464515336961
0.024321676122145384
0.006588980165753726
0.005533520003103094
0.030616434028315938
0.013742640066023454
0.0271225886169398
0.02697437753278789
0.03636347686547379
0.0017021612712040625
0.03425966169100177
0.03038844462928281
6.937410855242103E-4
0.023729679358906276
0.04666014336584978
0.013003762282013753
0.04046836165069761
0.012933305247905013
0.0014795185813310586
0.00787707932585058
8.755154525220157E-4
0.0628440690074258
0.02474041943635116
0.003559694678340361
0.028302878382739736
0.01990088365572029
0.0014341299346690285
0.018968246720294426
0.029161705136002625
0.02775970656624304
0.030563292548827004
0.005155711181066265
0.05986158088408539
0.03156495815440632
0.02397626006047185
0.03171707537882468
0.005640369165031946
0.018458408616546376
0.0014427657958635072
0.019733710593729605
0.012215614042521998
0.028018695345501894
0.044987668762867715
0.0045202024935576315
0.08415930640352629
0.003007398053143446
0.06861906976745046
0.01977751333085929
0.014753486228309718
0.03135440143462706
0.03658385368497344
0.0015949105361432651
0.05579344214232716
0.050532161039456826
0.006077302396679532
0.007197819352781963
0.02488605237013809
0.02475649241695738
0.01071347974072218
0.01839892999760884
0.008242208115026092
0.0032778600673143386
0.0061677585480586355
0.0013061647334310664
0.00330584768185575
0.03013977722451359
0.027141045590343724
0.010065647898303247
0.023219749045678476
0.03291899953473247
0.00950034546823994
0.03761040605224264
0.007358667343149586
0.008836097617069629
0.05839611268734675
0.08479321385381683
0.0014227848046864243
0.012163808724820122
0.01570201695930102
0.0032923278842737656
0.0061557247651177925
0.035410457074580785
0.020075030589602357
0.0023312759303888023
0.03740191624878373
0.009828044711034266
0.03692805073014727
0.022377341482333793
0.05016089068183971
0.008335339895523056
0.03013661896630931
0.022447828224394225
0.018565764359140615
0.04662506054615365
0.004283386093641534
0.012805142922148316
0.05751033277303515
0.017138387051823932
0.009098659521322655
0.005605096042406343
0.017124016316182863
0.011523499561056175
0.03612729388044012
0.006048735107368658
0.004727080071634799
0.005016271141380312
0.019802646820063642
0.041730282156139525
0.013354565179022553
0.028369308310936616
0.00813503571908616
0.010081168151490414
0.006900596611186024
0.021412253058668954
0.07841266657560868
0.006383089019883936
0.004826555397523867
9.10004262133586E-4
0.00863146883624359
0.038037225701640275
2.085332465502028E-4
0.017489284048927432
0.03274572161256169
0.01256123453438331
0.0030049727481273997
0.01449279131782433
0.0024226895899790778
0.004686818091923533
0.031718678569263886
0.0025066842569477213
0.006716135096507731
0.011449631729906823
0.08690994504144493
0.00689688580752016
0.008196381507972052
0.025986210428003503
0.0034033931371576344
0.02145388052795621
0.010940265542238745
0.039402553996875714
0.001579243891767519
0.023315823496579735
0.009678803273243948
0.01278788414657701
0.012899649554457618
0.005970839784828433
0.03891388402378363
0.059363216568061865
2.218865782252042E-4
0.01932560795198427
0.005117556995339411
0.029118545826155418
0.007567879641435763
0.05310927273214395
0.008773943761555837
0.016740496218861624
0.0021711722092408845
0.003999176052725531
0.04638455451690898
0.02254103575695321
0.002303656733309942
0.008732850835714932
0.027340650966985434
0.011869911561237652
5.984729878732237E-4
0.011318460450190842
0.05801477322928867
0.03343995677982973
0.012332765171509984
0.003370818426823323
0.003018871837905381
0.01663475730775467
0.005296727233490662
0.06521361359115238
0.01024350665362453
0.026080258438075824
0.028872037748122397
0.013573571846934756
0.001915294665735154
0.02825088337821242
0.002176489686112981
0.08430951106667399
0.0035612809364426214
1.932240804955709E-4
0.033568904315076795
0.020390765790057632
0.02109777318660514
0.01698854566542292
0.02896961008142836
0.009389136849624396
0.10585009341956668
0.03743853019084343
0.037730616058030284
0.005623056302747434
0.016567310961758997
0.01494824500163875
0.002119637748233112
0.006222473204866455
0.0120941243339563
0.0010984224299511855
0.004439729302261721
0.014118441889271307
0.028880800743003393
0.005825247650008045
0.02855257697167582
0.009272067149644302
0.004400714845525208
0.006752228823305629
0.004238408996420675
0.004473114734891008
0.025673537891564624
0.017153382649533047
0.007715663045185777
0.007437109980909082
0.02904183704382381
0.07205099624615584
0.01091357535820547
0.009058566648051901
0.004061339989124897
0.01168803966244359
0.008616739250025826
0.034527169284943246
0.011684880186889937
5.070513628787682E-4
0.023888771162838485
0.03409505746814009
0.00340092660285842
3.400246948500879E-4
0.0030420343333672035
0.02812134441912884
0.01184399763773768
0.012978846891780986
0.03491260572331523
0.04738452094088
0.010868239806609137
0.013668809410504211
7.137766261038651E-5
0.011614803580197786
0.01600093697007355
0.01575668701694622
0.017345845045923222
0.04648056451257606
0.02068853653279324
0.019906421629440497
0.02311820009718273
0.05532150334123604
0.021171503523127345
0.06315739237726842
0.03302596045277562
0.007420759047414398
0.0019083508588652006
0.0071134066819701315
0.028455780175496315
0.013427153428531713
0.07759798020635426
0.012279288705385916
0.02107306650796492
0.06494571151602996
1.1978942702273249E-17
0.027944454464742988
0.007343672317801826
0.001702046925197433
0.019611587160025406
0.021423039221302457
0.01647250408565999
0.010374400641254045
0.005220396848685168
0.008879188763418982
0.005414498136407709
0.008093304280167468
1.0882074405742683E-4
0.01786755462778157
0.017245056431398464
0.021179834317379992
0.033624095685068946
0.017093055551652834
0.014539659477722492
0.03528613569307841
0.02914620373619464
0.06236305230996522
0.009315588461048635
0.007116025120664115
9.863843272123656E-5
0.0017238388641912109
0.042614924222059064
0.027819044376914362
0.04677857202412613
0.03917336789587293
0.035601405375782325
0.02373427265069709
0.01186369068242197
0.058647345690763866
0.0014626787798345795
0.002006640873935298
0.03186375712008347
0.01709227904246035
0.04693966631892613
0.07222738758378716
0.025511232639102696
0.022989566160853386
0.013796341717072613
0.002688047481776403
0.016529234952800283
0.030302243622411577
0.015166634931047402
0.03303599098655146
0.02154599041705914
0.007977524442069681
0.04575494543927017
0.06410405014143859
0.019535455349748987
0.059087119572502365
0.04653338504411684
0.01407970184205127
0.010933782180330446
0.008856529137117281
0.06316326874335647
0.0033292983960608166
0.03453028965771216
0.0013961055084244177
0.00478502350481764
0.005763939004432066
0.00805663118068872
0.016622339422637397
0.027041341534187108
0.02979839995542731
0.004384681108949054
0.013360483324969002
0.06565561584160885
0.0010502276584187682
0.0551722064204019
0.010655689296958195
0.06405049018037205
7.189227793937685E-4
0.00195079263171881
0.03583456418590795
0.002093033042167176
0.012938636041654095
0.036298961835374545
0.08456378522782976
0.0076858735522817275
0.0017016108121537075
0.01916234895675734
0.0046086916181398456
0.07067001584799151
0.02250114763586953
0.027197123731184717
0.01245482827489448
0.04286056686347549
0.0404712982841697
0.012528374065234977
0.003814179127581288
0.02798649463849146
0.018031989824919183
0.01308247299670244
0.01965927690987472
0.060645878711116215
0.025576027248632945
5.478486432350448E-4
0.010167182144742371
0.021886119000717505
0.02817794740278488
0.026210471219923266
0.007164512842591253
0.031620398286373384
0.009671442834217708
0.03848284258970759
0.062106633620192524
0.004830702841858033
0.02707183143665623
0.007211276946745041
0.03097189208654789
0.01082697691747248
0.017043086384851195
0.008008820581073852
0.04652982233518309
0.11343914365254835
0.025287122816670952
0.026384754169572294
0.005964761279116545
0.0846306956951764
0.01707070641310211
0.006963396700940892
0.004051057986292391
0.02279579510021507
0.015682093418464937
0.06007607687249875
0.007695437620693736
0.030559282145773352
4.8396424031412757E-4
0.011772936748973206
0.0021678014524605565
0.01546793426483563
0.03156315231929147
0.005154757348747651
0.0012894642395487614
0.016546619445128516
0.04608787479338043
0.009361590019154282
4.0647983682112114E-4
1.8330893250774672E-4
0.020246374262225114
0.0015739657808990966
0.034490921491714996
0.013392997990666828
0.012318047503380425
0.03746619966908441
0.05725440611052584
0.031008674553219026
0.009903016343168279
0.005679750071752672
3.714325231342028E-4
0.015598055895468949
0.012763320906386353
0.02691377581911189
0.0063809813152948406
0.02000875567166285
0.0064756938261918565
0.07820570851964768
6.8425555618019266E-18
0.035552934028004746
0.011376009949298058
0.014540088286562239
0.033603623835374026
0.0011856088241131288
0.0360172093231297
0.012739826702434408
0.01655714944359844
0.01762292905592951
0.01862655082961557
0.03874057134190249
0.006666312389490374
0.014070691557787621
0.011441913140810283
0.02265313444844762
0.02179925679979744
0.0010782934445665016
0.004152872323432302
0.007495002358077921
0.030818156412047694
0.0013338300572403221
2.8774242437553223E-4
0.00627348686573232
0.0703609981009627
0.01158724321858134
0.02391545259175478
0.020320002213605894
0.032649819085872826
0.054505083913657715
0.0026358908811030257
0.031143029833672974
0.011034119837566872
0.02198354775649885
4.29554602413352E-4
0.059084401553064034
0.026847207653772277
0.002767196760318639
0.0066408544039708774
0.011417071433494285
0.044895235778459365
0.004182003191686198
0.019202974979840942
0.011975772820965614
0.03210991979683186
0.015367315727103668
0.050697050480144244
0.003891812243840482
0.010555815758635304
0.04000894667385501
0.07869309997039368
5.259736967122747E-18
0.008026321495788595
0.026743034100296617
0.014521170230198346
0.013017058953987982
0.02583499174703326
0.011970466370376692
0.0020124958769107493
0.01938470063731976
0.021833318632240552
0.006280151229532922
0.07661591020342678
0.10403344361559158
0.0039487069288703085
0.021680080516842642
0.0013601492448929737
0.057743033162866934
0.05293812455399303
0.011525486582154491
0.031171868556499695
0.04008847893740184
0.07048916943625708
0.0032222828820561533
0.04742361730806169
0.010080673920954868
0.03826313254754825
5.758296611352447E-4
0.020113670800366842
0.02376689050412029
0.003989194211250186
0.030144159842085474
0.017033584658798298
0.008308540614323791
0.004384714544489277
4.922410218059916E-4
0.005178710342583633
0.08670975533134319
0.02079814519807854
0.0038826078328914175
0.012061071725667989
0.02967040249602053
0.030105768010747762
0.015412696516979428
0.027571463523481176
0.012618132205143325
0.02633405943661857
0.04621263230319809
0.012414806198050198
0.02086884957390296
0.012254538091317737
0.04160315315200981
0.011983862849294095
0.006071027028533445
0.037057083912988203
0.009638974529220093
0.027522100056317243
0.02304499611111136
0.006123683652664156
0.012409661215402747
0.027154905122061028
0.00792252366178035
0.021384445705549877
0.007853081899700212
0.01809873299167778
1.5488380099825636E-4
0.0021393672513999344
0.006698775469341972
0.0032200766525081062
0.004595747240219412
4.835223963766937E-4
0.014353114979252402
0.022533723899358482
0.00704147639983268
0.007322098114876712
0.06756869462517584
1.4960608434487012E-17
0.01427417453134905
0.03218827072343445
3.476171065548875E-4
0.0026869275517097417
0.022279340541695822
0.10918248062668442
0.0030444193241113125
0.0037638982598940432
0.026039557025222926
0.01588121799315644
0.010623168596399613
0.04913614090698649
0.018992196899113054
9.359540534972842E-4
0.045635572247933166
0.020206423431256577
0.005968778861740707
0.060254103352759145
5.829853740842712E-18
0.008730986198861654
0.01923954330495859
0.010310106418796698
0.006197669156295541
0.013948071333692564
0.05349763008060834
0.0033519849464404114
0.015334553103978783
0.020823664891158437
0.0029517897885601367
0.04856697556086746
0.026103260839267554
0.038328426228712874
0.05686389527196576
0.011571233865735343
0.004479303818679453
0.01207098703844728
0.002279172439061903
0.0016291708900925115
0.016286525837835766
0.023269472861058457
0.007631886950434914
0.016704507644650163
0.0015576523665494627
0.025694696969794154
0.009014071409084978
0.01291304720573186
2.9751381483586004E-4
0.009879945761690802
0.03447879454131907
0.022925450127961298
0.009695248517377856
0.010403027631398833
0.004670017519497576
0.005321732834849744
7.698455075462182E-4
0.0580094571424822
0.008814667398197749
0.011761187002732904
0.008313496368211722
0.050916341706744056
0.005598090130331748
0.025871621703786075
0.00345616684018668
0.0033108424486495616
0.029559861484232897
0.03794683597790559
0.030516716796540607
0.052162055915810156
6.123601693459973E-4
0.003570159265028644
0.0017852524183113168
0.026317859662132015
0.043018962350893926
0.005290194723578802
0.049911218124160474
0.004208671959831168
0.005496778283181706
6.690370090921968E-4
0.04813181784193061
0.036306403187904054
0.005606967166828514
0.017229581749275778
0.028447478696422678
0.020612138436822205
0.030832877507583834
0.014486570219560107
0.018642580708227333
0.05418735257472608
0.00380251426201066
0.025292198233194094
0.013437698219002174
0.0024490515606323602
0.008020241039365526
0.038008456104878866
0.05060094508373961
0.01234946608509109
0.030762870575526548
0.019063612769553036
0.015540174370414411
0.018024198162981325
0.03304470817484096
0.04803380585798362
0.03488937437491152
0.02257565102347804
0.006844908978691946
0.014611192300058211
0.02001515144746376
0.046930314943739504
0.03813148070089877
0.017464744277945143
0.020885303841237518
0.052897301178684415
0.040410939887170545
0.012795168233311565
0.011142958461596764
0.022288315286705062
3.329079029983908E-4
2.986776437209419E-4
0.003974926573319684
0.007824161494550392
0.003607406260750237
0.005824255530318148
0.008560283727372489
0.005122076783270788
0.01229746836578299
0.0484118426893212
0.002969872858642625
0.04403816476683675
7.404118627034671E-4
0.07448274038677306
0.03210681061910482
0.05401592207645846
0.024897688623966574
0.07581906201167597
0.016938183972091955
0.04974717101321883
0.05028000607066269
0.011522315736448624
0.01768197316485829
0.010365346710144187
0.014993791268217196
0.01222577988625558
0.0131723946965366
0.016033353654575932
0.01706077498916233
0.010852381684005487
0.018671325440045638
0.009256011479234945
0.012900173294512568
0.004003240791322017
0.0056567888173517265
0.014057593085063524
0.0723445310624287
0.011204999507156442
0.005220471550922385
0.015441219203881073
0.005419201779942429
0.03478301621764945
0.012257933449233887
0.0017101924360638082
0.0036330393379173835
0.015672168748447603
0.003390789533419007
5.2443990045743E-4
1.5291500751675823E-4
0.028926448170069643
0.10238087915020934
0.07051699872409595
0.03345993016651208
1.1458835176355999E-4
0.11696340206106201
0.018903916609732452
0.06501750219341615
0.031563655275622896
0.032324811665477994
9.851778984698315E-5
0.003076524659343323
0.012098203158637905
0.003906729165818942
0.0352017719939684
0.02500709899337098
0.002919890150121824
0.0631837973333805
0.05393448680824155
0.017448926919451446
0.0038938873317500293
6.654818276596094E-4
0.01584474851698822
9.621140145129064E-4
0.013301827482565155
0.0012696591506615135
0.0034460466903490517
0.02690216486240677
0.001367018408641506
0.013916429767384917
0.03190410467442229
3.476050152953962E-18
0.011632547161713015
0.005299275505285727
0.013814146588696664
0.042262642982108495
0.018790356938065203
0.04687123989210474
0.006426944526453846
0.02107212187298592
0.01640237211070135
0.005393740186887493
0.02427551887369234
0.04585026340957758
0.04292347089884143
0.0010368223895195058
0.005548789303456566
0.02224506932450614
0.020412388015335053
0.0018616051220079043
0.019586892249813827
0.002996939518291784
0.0011382796588674405
0.02196133649938683
0.009717113300261702
0.015182302069762656
0.001317587699278461
0.08947449642425806
0.024820668587131816
5.622563904942914E-4
0.0374755026111008
0.025509229071079345
0.0012513727790542173
0.014587705616015566
0.11016826360640483
0.02395246457515673
0.001256224884652252
0.01008030421602703
0.007014144266089848
0.0031488215419716806
0.05245020094243388
0.007969083973434444
0.003896650607277198
0.01430580110052109
0.001238081457749056
0.008852945321740392
0.005731538165963692
0.047906204326170064
0.0023082344332074093
0.054408179931810643
0.01228872917528941
0.034396685653223194
0.028929000911527652
0.023037598040542333
0.010864813007291106
0.03542444137479572
9.235245669639544E-18
0.016941711966725465
0.02961520774960898
0.011322647140815266
0.00849949712736727
0.012726011673677444
5.273434864943287E-4
0.010111251732418579
0.009926882525068771
0.014209538998527891
0.008248306468227372
0.0382531908732969
0.005485852840027605
0.0305489576824507
0.0719969563443167
0.02005737114740099
0.008002719238525318
0.0035675001722284463
0.020967992066162493
0.06509968280133284
0.0030674047129483355
0.029133521349816466
0.021196671892888853
0.0166889279491269
0.0388349497678928
0.014211360687885175
0.008111030923044035
0.0057288278691856815
0.10583040147382433
0.028999095785447973
0.02360037600412341
0.033289444664373134
0.004792146768686822
0.07584695024937901
0.018894027805102166
0.00726662252091539
0.009260723842518963
0.03740800400285242
0.04077860470498446
0.00114437861705406
0.07484292883340249
0.01479256569838189
3.1002915786225037E-4
0.023660638081762175
0.011501481184728457
0.06279670329123715
0.08569134353559936
0.11577081661768833
0.006233770348535988
0.030151654736386545
0.033206292000686206
0.007100396112706333
0.004937298220475141
0.00208242114352364
0.0018203253661708912
0.00856619820537661
0.014361753688124987
0.05144606533710294
0.0013342737600154193
0.009933582473827174
0.052220595888232114
0.009147518478449987
0.02291365061464783
0.011139829817835874
0.00454628208239816
0.01998295191629087
0.013188753625555974
0.003953286661782543
0.07998742038990422
0.007559670213055714
0.020276478762649746
0.006282406405909686
0.01162065087685882
0.00611960837673858
0.03676322049718972
0.0417994776833476
0.07003906623498365
7.663255409977684E-4
0.07849446578503314
0.012167260406917037
0.02318670295356328
0.010881953286990998
0.03416900502996676
0.009438615684387407
0.07012792646308162
0.0510306479246799
0.07811748242458692
2.759966138741533E-4
0.0015408310376087153
0.015459658604764753
0.038858792324315654
0.011945556330268139
0.0018010593326168163
0.012566137460700566
0.01529470986340738
0.01146464649553679
0.02072849239117424
0.003489958440720815
0.03104892311353956
0.024124477852963008
0.0073387060436330654
0.02678320908378057
0.018768258765290396
0.06002839659480538
0.010003977579455458
0.039868923768228676
0.027900473188036106
0.005320033180817577
0.013878570863211122
0.024981617048155012
0.03386953703061161
0.007925843006587455
0.007170520990750476
0.013624490131536299
0.004770784660846213
0.08100096897534244
0.025668494982474824
0.013707474894586194
0.0035340183604761367
0.05938538328819816
0.026500812337524295
0.011385214122653845
0.004014518182244266
0.11242112291442148
8.575627732133518E-18
0.02750352696484669
0.03672294605234212
0.009450736379521816
0.009658591679840978
0.005785772166487009
0.06593835608766734
0.025502682629874304
0.01944080254187106
0.019013218552570453
0.02022822972336747
0.01653698674510735
4.945066329838828E-4
0.06170084145814187
0.03039200796494281
0.03714684287616031
0.025653785152043616
0.05512387220095329
0.013895302829746
0.003520706716319149
0.009965178615521514
0.029829744065582035
0.006233414069439443
0.02482665019125158
0.03450515279688959
0.021206429060557856
0.014476375501577873
0.018916634746711614
0.026771756102864506
0.01866624190211958
0.002836062652384133
0.018725370969393855
0.009107340070140543
0.03743822898447154
0.04976180511929867
0.024579807049742858
0.04320714373177266
0.05857040393946301
0.012646856208707523
0.04090325824434991
0.009588450162214716
0.04596270730929798
0.0071029015408353244
0.004633258368495511
0.010066301615482966
0.009213201480071131
0.0056380210976900574
0.01065927218543615
0.01327975772579726
6.931517441020031E-4
0.04427532230736875
0.03473374853373632
0.0226006526542369
0.04535760155204608
0.02856726735510025
0.023500792210969786
0.058196977729813436
0.012197069500853443
0.025801015971499596
0.049141458490660365
0.024288812947847904
0.048683915020056576
0.04798731949727481
0.053784652639919155
0.007961862157879158
0.0011765128540499826
0.019110719695981666
0.14624354238480636
0.0015497965914959026
0.03562639799951772
0.016243735696385386
0.028328936344049604
3.9846434862793204E-4
0.002695977908899197
0.005363573252945722
0.017469561077403904
0.0013045404361084496
0.011445607240985185
0.009176621688475278
0.011043545617761896
0.013050265168373857
0.004560157117142796
0.05799873376398637
0.04016154970034225
0.009501467266192299
5.038653745392333E-4
0.040950495559237216
0.018378737226005415
0.011019131563958442
0.043182474575700555
0.008837473160895693
0.01670513281474041
2.8770372082871653E-4
0.007094376995590511
0.0073143791193828675
0.002542102090335002
0.032093880333350366
0.011417139710741417
0.011958540896302656
0.022749315044204767
0.0339909242608642
0.05061650592218559
0.036065477760579806
0.010508294333800704
0.022266667246422733
0.04789794081207947
0.02542865022432254
0.0064324355653481375
0.03122311669946936
0.0030947628570803334
0.008483851168333782
0.06377506072433432
0.02789532533256831
0.00873833668217624
0.0015012297665386283
5.41737076100824E-4
0.01829029202939096
0.007281098156134499
2.225666326220166E-5
0.008283391012755178
0.009393181642555868
0.013158261067853848
0.0052074938357302035
0.02704010057682341
0.006021599471183864
0.026247014806871423
0.03429357627081661
0.014008864379231177
0.0047316163408503914
0.005294462921745773
0.0067255233182471185
0.00720998491457217
0.00395648722219245
0.026134892810620793
0.045793254148455295
0.026640648373107232
0.037665186122238896
0.02276145472325123
0.024598224373048587
0.05211866768495548
0.0012089184204597597
1.69022680374112E-4
0.0034032359183746373
0.07645643326428277
0.10105197090293137
0.009910933570781301
0.009566243513019919
0.02188077968640986
0.008227666778864462
0.03130113136329475
0.026480472495680505
0.009849636826845334
0.01688119902228692
0.05198050814353119
0.006215360591551862
2.7196576196955363E-4
0.020029639192699015
0.017017580963647548
0.03388309114077662
0.043449825623949556
0.062207006456546074
0.014563307232989568
0.01666146217932471
0.008431705783758304
0.014872354057591745
0.011735339364920314
0.006008554985110556
0.016321314056384408
0.010473952386560998
0.012570048110045856
2.5197246871428336E-4
0.12817653801697151
0.01664560558876211
0.001969092421816172
5.838633036944986E-4
0.02832718194093749
0.015061320428519645
0.02326122998137075
0.0018379695295694877
0.015431655173665126
0.020945552044505468
0.05413227762637784
0.02144149719109126
0.024271231285602362
0.021528553567478844
0.04155624371339777
0.045055011398159796
0.0025755881152679954
0.021032766245075284
0.04636482337158866
8.682243880778885E-4
0.0033430761443048085
0.00851276370963363
0.019429609743769546
0.0032960946163105463
0.001373005375736934
0.036751205715005175
0.0024888466844386918
0.006965491705706216
0.015178868843663693
0.005553711736572477
0.025843104603488203
0.006878706986227171
0.017818805302486234
0.07671528162999956
0.04769645700325156
4.6079013856094325E-4
0.006528986452311635
0.0020884719301008316
0.023372167763045657
0.05569939509493248
0.002373003637179346
0.006119561546291429
0.03989217833170856
0.0013070044501187748
0.005372019781145566
0.03829127323980749
0.021500300387533634
0.01602035269265327
0.04900118527353748
0.051528831112734076
0.06786386981906517
0.06755169362512267
0.00827149513866925
0.010411386558235218
0.03222002859728405
0.012685194665815507
0.011337983466271406
0.005481711945034362
0.0018221046699668823
0.10491499026501983
0.056383036458612215
0.03403201079402754
0.0012922995745037278
0.013886434584996825
0.006557722844228979
0.004429527128447785
0.016468701225438136
0.011562346870938189
0.029587921976449067
8.346930214922313E-4
0.04024912201022292
0.024857525662662548
0.00989935675668849
0.0690421397101569
0.01687163300243908
0.053743807371467285
0.046512336095480215
0.006035016791995468
0.020092251251712368
3.557600321854475E-4
0.017788032574030343
0.016154694332931433
0.010044248244022757
6.233673357766647E-4
0.029531861081728332
0.01365661353735551
0.04356312420660544
0.01836308190280764
0.006709436906118036
8.142716370672789E-4
0.04992723329045741
0.022218775272908636
0.017313846001636685
0.0035093361069553405
0.02868743970402757
0.05255353216203804
0.011271449873797482
0.001095040185572851
0.01889515515011157
0.003145104760203787
0.026151720722913135
0.011807542282752055
0.02249120679567251
0.010288015504303302
0.03584321771878697
0.02850788019024086
0.022013185715480058
0.005020292146202205
0.026644445236149353
0.04946492027752815
5.427709994398179E-18
0.05057269607130257
0.011521823731093778
0.002221609933424889
0.008537382563629313
0.002191628190559125
0.1170579912179735
0.025158378717677572
0.01422738306982449
0.07991889220300816
0.027712249440800932
0.01053884229089127
0.013895580271049155
3.855582831572051E-4
0.00988095157319083
1.9892704526708977E-4
0.003798529704303161
0.009478480091418395
0.011097025536730368
0.009216854810576644
0.08581688148234369
0.01573604895655536
0.11262878809226998
0.03634845606441595
0.007702736692507129
0.00951129907421718
0.029099089661484806
0.015393582753701129
0.02373759611732676
0.020347450620853223
0.04614840369328163
0.05169419468304239
0.009060639421019721
0.010420310627093868
0.01891995725256171
0.01929929816298765
0.009857546619448604
0.043538804920959864
0.03430717804462408
0.023247293830472877
0.004184218750470358
0.03656415191284501
0.009064512531024126
0.0035709642440573596
0.005162946632299989
0.038876681827275765
0.01107398316273493
0.024154928458247765
0.008666636390969469
0.007797305791831947
0.08974623456627893
0.010074484948620356
0.006776817134976367
0.030881674430857507
0.016044028493801273
0.0031950454415442457
0.02416306533080166
0.011418338322336392
0.06159463610538865
0.04203046044158641
0.0442177322651284
0.018365067643664596
0.04713213702087233
0.03443760658063236
0.06240562526899253
5.228480083845431E-18
0.01632349729990227
0.015396575317299764
0.0034942303919028757
0.024471139914301554
0.017565983917810234
0.024610201290784537
0.02428732625985674
0.03265284687821797
0.03152511766483705
0.02809851912070056
0.0026362845339675017
0.0035450886945980788
0.031792080207835485
0.07188798921165988
0.002344147681895128
0.005000009707599386
0.03338486928377517
0.09515648288050882
0.009388696525902128
0.09927529673950289
8.220922421994507E-4
0.059015941438644484
0.02640202250469508
0.02197906449671718
0.01555778298680502
0.009181772855920572
0.015675198692217392
0.012636823331999001
0.009996869431102097
0.040343309658004
0.0067006659404681155
0.010364889367425465
0.09990305223064694
0.0054190093350834165
0.07099162240869973
0.028898056335887882
0.03045843220719608
0.0031608326509010255
0.037530365513477146
0.002558901880347748
9.094906913238702E-5
0.004699629237772461
0.004707133075684505
0.041820734392934454
2.683311057912293E-4
0.012507813918104895
0.03734910702837972
0.01208770358216486
0.0017090603350115234
0.02604210010288583
0.014550391811331675
0.004349275682090527
0.040568114117666094
0.01258447171957903
0.013303837147204383
0.016118195496469142
0.04216197100611465
0.04543864138432129
0.009843806663494945
0.006936029614539101
2.568887041671335E-4
0.01657858826715468
0.03357351861107368
0.05236283348806791
0.05728827920012694
0.01992487552221936
0.038581530525501465
0.03732186729876227
0.015004846290608553
0.0016886330719853926
0.06250277477128455
0.015047267653143513
0.04847916266167747
0.020497599086899004
0.002515295024710377
0.031116471161374996
0.010265150100698495
0.006077671377878428
2.622489931934976E-4
0.016531016321249786
0.004790799019680411
0.03061772244681864
0.03354638220208508
0.03969420168651669
0.007072171540806676
0.025386421964599462
0.00813333527578941
0.031821794214139394
0.01770370262780849
0.011035453002496214
0.026697847867526082
0.038904228124941605
0.013265141982307724
0.04425625287186111
0.02546866210635956
0.056402718241231144
0.008219994479661888
7.971998644350047E-4
0.002335893912568589
0.006560882207279584
4.5226860910851187E-4
0.026186451220679734
0.013827449412646475
0.01260271886681758
0.018274546427673302
0.0050876523334023325
0.004403570573618091
0.014469485694418466
0.007346809738948762
0.0213930879948041
0.0014762734747942813
0.060992198310145455
0.002788321652654472
0.026993830534507154
0.028592382309063826
0.02017446369271147
0.006985119686580744
0.014981376866150461
0.004501316934384983
0.010929603583178307
0.002115113284418269
0.045333991782231194
0.0440684831805099
3.702494997478878E-4
0.033132966006044096
0.012689212680595946
0.015466703453074064
0.01430976279137652
0.013201129006934544
0.012780569699420223
0.006735984825947734
7.775344217496487E-4
0.023599983725986262
0.026434345376747166
0.04363120675652756
0.027435651419748207
0.025665120068473005
0.10900649781607723
0.020313304051002994
0.020118535178676327
0.019150404575173103
0.013706146236626237
0.09679601508986016
0.055675400518319706
0.0012745360871376217
0.012820779165099456
0.10164611422899097
0.02008574059562638
0.0034140538975469936
0.0013156423550148876
0.021338935750687026
8.803949583781889E-4
0.03834055940205208
4.4245314899756135E-4
0.019167590788663307
0.0027397498983883946
0.011596744462316842
0.003941790523563461
0.024125747472651067
0.03905113292952832
0.005751141955362495
0.005345859619854286
0.028715554970682566
0.029952170234717617
0.0034001527296339167
0.009428006700871192
0.006663250959004737
0.02850658419751696
0.012364577661318819
4.135610300777973E-4
0.014153623724919238
0.0011194984989147346
0.10710983590103498
0.00199706476656095
0.0014191728264332888
0.06329226245194725
0.05893483254618798
0.0022726430074336825
3.626904180031413E-4
0.004346574092734616
0.0065864865387110574
0.004377382705100962
0.014550889997291535
0.03868003461069788
0.010906725148981387
0.01491952962850509
0.0025688428755352185
0.015723388971350474
0.009729098958394924
0.0067709194538236065
0.006796928734374234
0.06100772139509188
0.05178651959715448
0.016391246151136435
5.520569574122903E-18
0.030708534131642408
0.007740863359135255
0.008884348291923676
0.014090284278775738
0.030363631051725307
0.02050194101887999
0.021722027531912484
0.0020484244299921878
0.017112175642950842
0.004021081648595685
0.013573908115170535
0.06790135099269182
0.01034488083666516
0.002913274353540975
0.0075747132550599925
0.007517084014132108
0.011132288534681277
0.054030594788342615
0.0028203934555149366
0.026983905987424013
0.029242474581872367
0.040936086356252
0.006322625835647013
0.0037323902176146966
0.0038499685503812077
0.015563350910760837
0.007720033557077214
0.001070288871627247
0.06721345579178464
0.006369462313052877
9.695881050177055E-4
0.021721924264023598
0.05367040463142628
0.0025936664939375555
0.006645385047652655
0.0014288985886789336
0.020429914858967602
0.0014412493630165369
0.0200593144851581
0.0018510239338718488
0.027363035333064487
0.007454429081329855
0.06502230446290558
0.014988397390826837
0.026832943530617392
0.020882242527831215
0.003330854918812075
0.02110559053429372
0.016826372752353592
0.018066572290336428
0.0015099940633843227
0.022356913788760622
0.02318844090895327
0.058387341651256926
0.075027013490507
0.0017067424646664282
0.05417406767209367
0.03078772330184332
0.021952712196794708
0.0011052560724775222
0.02261575240737665
0.04761127869344246
0.05215747333874399
0.02035290087768366
0.0381688101686473
0.016922431881834107
0.009683625759959628
0.03652972892922379
0.02331649887755797
0.030260364881237903
0.006129760832747408
0.02676432776191752
0.004169888536521303
0.004321219991462113
0.023775217078586198
0.03651850697011791
0.07270439449481651
0.015096370729835024
0.08382400833834318
0.011506059609152058
0.018035379619764477
0.024782740302966816
0.04037453980911996
0.001151818057238463
0.02087409401323363
0.018819045465151552
0.02281387758075473
0.022368601281384567
0.024370070574601357
0.005856575073531248
0.02751647659238503
0.02783432803064809
0.011725864311107538
0.010038757569908527
0.012632328656610289
0.01038235169721155
0.005184307460474453
1.68651090933902E-5
0.07651807881830627
0.009836644699006174
0.028370400729912676
0.04749309233569599
0.02645770820464717
0.009750068082272424
7.38377480516169E-4
0.024633068152521993
0.012246961427784949
0.0867929970698298
0.04399606710970621
0.006331282426311051
0.006999764427209201
0.008188925989118691
0.016711968837784287
0.06104365351365893
0.014611768049492184
0.014511571258259194
0.034016635565353566
0.0089020605474498
0.012138555323441002
0.013015754796839162
0.008290925971464542
0.008110632560233063
0.0038860151856450237
0.038103511488566194
0.015567092210519513
0.0059128513127304026
0.04496912986464377
0.010703486381276533
0.08615479292820999
0.0343131544456261
0.004329920137414168
0.001446549797751785
0.0014550452649242157
0.00816597673843378
0.002585178892852666
0.025816918367968063
0.006262012664505934
0.00852020142611168
0.012689329401394897
0.022964151802610765
0.005380772965238193
0.03309551543334436
0.009092322745200297
0.004361122071495818
0.03478159244554875
0.004947565717668653
0.010878889581263866
0.009409388576874891
0.050672192227511785
0.028285797966953317
0.005995124785443638
0.002224945822422249
0.05700201753734971
0.0031469642880689224
0.004562500443323163
0.025484463544121743
0.0029366422189823892
0.008706160481166587
0.006420776680393991
0.0034994668365844433
0.004526331519326469
0.009598108795761432
0.03115026151039058
0.014475688735572747
0.016184375895492
0.013378045932910997
0.010951993599660623
8.771695685331751E-4
0.026366692386575668
0.043650753743018335
0.00437309638319874
0.13011723298326622
0.023421940477664105
0.0354565519422197
0.007660355875687422
0.01106998158404424
0.0069202442286742105
0.0059458791237583224
0.01973558014886261
0.017857138856490096
0.012232234886496614
0.04202112518399766
0.0025549620658700486
0.05592405645306686
0.006392156361297624
0.029371534373544034
0.040555179379009175
0.019719327931032003
0.016744637226774044
0.006088649806677816
0.009774197692406734
0.015749231283933223
0.008712233683654527
0.004209667842495145
0.04770355602911077
0.00250333695324061
0.04669412949448856
0.0013038347305173877
0.03346293959533918
0.020669246910250443
0.027938344052565473
0.01792868133144143
0.0430823348982945
0.02076594248205151
0.00913760451162417
0.03901339351013632
0.08908436306949064
0.011692791551097204
0.005275597964462747
0.005831052573636178
0.0487848179784975
0.04220671336128329
0.03259241309019524
0.006386777754918263
0.03317175307240741
0.011189111514158358
0.016412256538915277
0.030678307587770657
0.030758040646077803
0.020556297516719602
0.014612845718099234
0.0018227763035590955
0.013697163908306843
0.0014697699819707396
0.03102161143599033
0.021252288748320934
0.019907083148135482
0.02744413510697338
0.02696594591330097
0.11113844033363801
0.028129136173035932
0.01635240199274262
0.003428548161381723
0.04340739564713628
0.0072006270229916965
0.03904304526695183
0.022301137641478147
0.012839580510407426
0.02637989054750557
0.010214579707012065
0.009100620224226454
0.015266776394860829
0.04038855349849946
0.013499630981468166
0.0011416128155026278
0.010966259190007677
0.009193084723777794
0.004222398861507458
0.009883500747724426
0.035904294011081965
0.07968073124963439
0.0026400971777159154
0.004818211430428646
0.01469538493285046
0.021270185322205648
0.03553451206649247
0.0010264181844180538
0.04124212298900864
0.041054267305968555
0.06549603254894927
0.002381068144027887
0.045978357036849646
0.03864212068138625
0.006596305188725772
0.019574548122975197
0.018388977166846083
0.050601997187256505
0.003486744259386257
0.02529908784168733
0.016250131597984264
0.016708164833666377
0.013266056454414667
0.022804366426586092
0.033481673145552594
0.0024818099470435722
0.010338820526442298
0.010340594246895814
0.04811492176927689
0.014949710001182281
0.1057546541508782
0.007406264496838526
0.017568565458580494
0.01181633447964744
0.01027290424418463
0.027716769904824336
0.004478478325663272
0.0011669458347131703
0.037356710486798894
0.01663418868524268
0.008227410716554898
0.022454919253492547
0.03080819931674589
0.019743807457416728
0.009257003404341518
0.03277727670659959
0.04963020982120078
0.007964385362124049
0.006633142053784237
0.05247874930642874
0.0025743556770801267
0.03198695913494745
0.007119472332423143
0.05203707957326232
0.008500605766580089
0.00102621592772605
0.0067665762598853405
0.001884375370630544
0.005996740648190326
0.03148981412433447
0.0017870907447452267
0.0057328013142172885
0.009119791010228336
0.02609634678805099
0.07049470164045461
0.038575565612149094
0.03023686082028175
8.565844537824485E-4
0.002226234297140017
0.01318431319831999
0.0217051301623826
0.01588764399076977
0.016796443557645764
0.004134670370891864
0.001763752899260177
0.006401378365408877
0.02449919611634911
0.008987403911608014
0.021904806758985953
0.015685418784179034
0.0027875403625008104
0.018838501164803442
0.031250845503199905
0.020053492948744037
0.012457914366825145
0.035136696210033486
0.022786937160408367
0.0498963555445999
0.006339325958102177
0.0043590122215565975
0.04294285003983777
0.06488097611832344
0.00854585816300159
0.03343498096489963
0.0050328290375883985
0.012726004414930204
0.026294061475115708
0.034223958702617095
0.007001254419903392
0.058705482841873435
0.004805758204067535
0.0011238585875215856
0.02521712172584609
0.039001609614562595
0.027703134947452593
0.020201490249517666
0.010186870844501362
0.0019775073772679255
0.0043453086583084485
0.0028183178459460384
0.0031112609456560867
0.0029212617056609707
0.031193406653945578
0.007363483449468553
0.01569568439692422
0.013410064626024001
0.012166783762545434
0.0034896046629294946
0.007388802345378255
0.00411144837088896
0.12728242637288342
4.583719902428851E-18
0.026373935813726324
0.033454518328651206
0.09429724849608646
0.04105761856988202
0.0798520980524063
0.007983319232147141
0.0013154719631330786
0.0024753326279248816
0.0650486874430399
0.02447506044958927
0.059411718034575775
0.041078184551598215
0.03725134755925319
0.06895586691481895
0.007397754040718571
0.013340468643297033
0.031702677500711526
0.010624190913563272
0.05809491247849183
0.008031457559837066
0.03551915007485397
0.06769074518547948
0.010536099951736076
0.02380979992377843
0.00705871382976131
0.0020280070767177364
0.02097668455860599
0.032461540971327515
0.06732245484190996
1.675272966437539E-17
0.061183255229424235
0.03796514779041758
0.016132347977798715
0.018699904404362165
0.013805243752912292
0.029132620653737375
0.03245327252065168
0.0202896715910654
0.012295469642785311
0.0806238980058821
0.0016213717771326318
0.039648265841663886
0.034619712069416296
0.0742739087828559
0.00932196279268073
0.04231467292304797
0.008717316640298116
0.008096015393476586
0.008308984018852139
0.009616622260436282
0.002206248376479693
0.014102272473246026
0.026215683979955235
0.019100760313415063
0.03689393346540204
0.013352636210953436
0.006118938613087056
0.01044858389697456
0.00816429911792546
0.07532995637826813
0.057251523726546204
0.014240892987861372
0.04789836193734569
0.003081276162314774
0.020044980201164454
0.017550988157785014
0.030997653263278083
0.017913623167549613
0.03474647048667352
0.021641596589429133
1.9519866169218872E-4
0.009690023282786857
0.023931851966018016
0.0041836173714063785
0.017709149050564678
0.028109864641917344
0.026971174968212754
0.11000231666215121
0.010731354978754323
0.016763351770875803
0.008130181185195866
0.005734136464886669
0.004141154867665806
0.0025525469648459533
0.0032220354709589843
0.01854884197557524
0.0012208487569029228
0.02108100555187932
0.012543555437247163
0.0012412696198878428
0.010867819408972865
0.0395817683196031
0.009491956699924
0.001051857565013843
0.021815861456879568
0.004590565551937249
0.014135260484847149
0.01652722947150666
0.0011651018669024784
5.88726499331619E-4
0.004301311588940363
9.77551029805029E-4
0.07845062861831335
0.039260502023484814
0.011879859205515124
8.361701905737941E-4
0.0036460105830016204
0.04280002429256531
6.169469061227941E-4
0.027507764266852423
0.01669624504576303
0.006166916297516729
0.10332098319866738
0.04572653018964944
0.022048779158611073
0.03078479190787587
0.028234920639844126
0.007317692682116985
0.003993226924563679
0.022350035577915563
0.0040806428147774215
5.449758636914946E-4
0.0011047952297212863
0.03838451313891331
0.04443682855380231
0.007324170571973746
0.022346629646103535
0.00941875214939747
0.03140159207093082
6.570989973813858E-5
0.0148375425326486
0.010573413678900325
0.0015572587579118127
0.012547348507469703
0.0177131163684498
0.05491305404507112
0.05146214578420191
0.02258959438107865
0.023746615731762864
0.0017374255391733521
0.004499665147131754
2.965406188058641E-4
0.01576233526221243
0.02359843139619454
0.011417781656099796
0.019188816888044392
0.004074175927102874
0.015516326052540866
0.0048217334464498605
0.020362111857127912
0.0026351736178481283
0.0424261428105852
0.0807598945947361
0.034365971498883825
0.019551337872789173
0.07610500593044671
0.014038773960109142
0.04085051544529662
0.004638428463798388
0.002003198391122243
0.030797291550680974
0.04828762530146864
0.06229532872854522
8.895626589917961E-4
0.03282225680922161
0.01477413040923644
0.0814831986731672
0.04058258712573212
0.014164540209060533
0.037669095602321324
0.025415955619904645
0.004755971061088879
0.0027035957441974897
0.003966490627505454
0.006826205665095311
0.0025564828184957648
0.005201157059148636
0.0611991667693896
0.007079662698319693
0.002540428429915021
0.015742621583690046
0.01673902312678395
0.018327002136820182
0.026902895320079192
0.022417616550456942
0.022333622239800146
2.6878012741840204E-4
0.011245480597220458
0.036704191286502735
0.011770979530599992
0.042783747715944676
0.003216319191779831
0.006051933932235227
0.028036335562242838
7.387226221244212E-5
0.0035259735177477452
0.026920515768788844
0.03994243630119203
0.0013286896215335736
0.03543987008432889
0.021356952485609877
0.0068416272789598685
0.06737114105321837
0.012577402178107823
0.0017025440475321428
0.013626787181853554
0.021426034123892806
0.0037313272465067373
0.01497918716446982
0.032799921951506564
0.048647218542018526
0.02116541805032694
0.03758299492437206
0.006378620175355692
0.09887682769770056
0.032586099197484286
0.015625472764911687
0.02459670915314939
0.0073637036330986795
0.0026303587556255796
0.010044395006378394
0.006975691307250305
0.008986792984458404
0.001436420935109521
0.026879919465007934
0.055333851161423656
0.030319437295368245
0.023203207494204823
1.4937738317206102E-4
0.002917581694874978
0.006403825197421922
0.016087034629397222
0.02230096367227193
0.014681791870989032
0.003181439901790392
0.023911594530406036
0.002173724348535457
0.02010160249730193
0.009610788206172494
8.414445239871383E-4
0.04620248015650483
0.019286569237431626
0.02333199498106457
0.06039087891719874
0.008876267846356905
0.027069103272148384
0.04485351556792221
0.006803167390544764
0.011345571179883086
0.005246612357695604
0.011588268689917644
0.04725513470748
0.021274679888971693
0.003315812524708602
0.014827990245844526
0.056050759124698306
0.03890258150581678
0.037146666596178546
0.0584102029855811
0.005544343805979237
0.012015635722805732
0.00112842602059025
0.03386596224209247
0.012810631591038537
0.02177616277384468
0.00913605564217399
0.003382736754287086
0.024445207000737875
0.004883398259592683
0.01868395644481648
0.02359249163813858
0.021048374452825404
0.0023437636642457374
0.01966577531245094
0.01896752819464175
0.05306783534204207
0.013403092288279713
0.031574084319980156
0.023823868450536228
0.025832440070825583
0.05186601597093812
0.016898664442935994
2.2491633528106826E-4
0.037453155600551666
0.03439464481052771
0.03246154430841447
0.08422300258089604
0.0014109813976359087
0.0029369415886472813
0.04680808320858541
0.047017144211713054
8.679895839937127E-4
0.025481124577341793
0.01042237862336005
0.06726278590491686
0.003966595555907734
0.03418055721956029
0.056834586700509254
0.0028121741838911317
0.010065805995747431
0.00650830452989223
0.01073120523171368
0.009249186896552236
0.05913750135524
0.021239278860578272
0.008144266032170746
0.019304906307777918
0.004589560290966521
0.010676821629067162
0.03629681647699517
0.027744552273881704
0.017166618357447434
0.01427124517289667
0.02296309047543779
0.02507538692867214
0.04117666287005081
0.009195197316745276
0.015415649947351248
0.0024472306478987463
4.433300421907697E-4
0.007108113091174023
0.01983863489292176
0.008983514746189067
0.020534617681545336
0.008898808576246451
