0.0
0.21987519058780977
0.36031927529621544
0.3838150784814596
0.8895231011517706
0.8946943129344628
0.9445950319349988
1.0404884599689634
1.0738485797391988
1.1689258943075027
1.372806537429704
1.6138302512806197
1.6979037161334638
2.1193421087940063
2.492943986043809
2.6093825409722284
2.6710908751852185
2.9955606802229333
3.440839161291468
3.5961531593991842
3.7652126176559153
3.875410173955343
4.009379914186247
4.019183799100224
4.080059860025332
4.127563603899628
4.347478979776053
4.384022704703631
4.4606374798868105
4.604406569256126
4.743403093730097
4.820564803022745
4.881650063168541
4.962963918785517
4.984505499537076
5.12344591987403
5.151895542730612
5.20425115747776
5.267410487316304
5.553710401536327
5.607003109998224
5.706127302428827
5.943618373055208
5.943618373055208
6.010162094478095
6.19918830389398
6.232532958772731
6.340710652548084
6.520372978448902
6.767659676698265
6.8214055252051455
7.018389497874631
7.018389497874631
7.034875220786891
7.103708394165082
7.220039440351034
7.530001068401732
7.530001068401732
7.56629142532541
7.657066536623951
7.857702081607188
7.929055008565287
8.071988787123063
8.378955516088636
8.450971459653687
8.554613248362621
8.554613248362621
8.702373176574728
8.715482742274755
8.859451344934264
8.878090746414719
9.11325131961276
9.634961967069229
9.685106397313596
9.786974722673405
10.229725108510408
10.229725108510408
10.387124015177848
10.562095598305106
10.562095598305106
10.68980611163181
10.8043004938756
11.177361086155726
11.1906922007546
11.461259128052351
11.461259128052351
11.753447230697002
11.884721701739181
11.884721701739181
12.092880844620732
12.33395522767123
12.349042635562368
12.371481133897227
12.522229217860582
12.589430753189713
12.613609097331045
12.639741170817947
12.714018289292087
12.725675603000317
12.764573005303603
12.779195609865818
12.788353594445738
12.790986326494574
12.852911220301795
12.965583307353603
13.051506766530254
13.096683602072027
13.428386311130936
13.459998214038375
13.522499055489343
13.844728219811167
13.937608155884913
14.114707380375458
14.216803582393489
14.228220174501093
14.509022659735471
14.815599254501398
14.856220267834503
15.250034754219758
15.458904539740129
15.665162830962714
15.665162830962714
15.686442058603305
16.45320320245494
16.4742145296463
16.73306955178483
16.892598688032024
16.97524547844376
17.00037974634694
17.13421113674907
17.20728754421534
17.85046908017779
18.0424779064918
18.055206388975236
18.081253458017464
18.78293854836506
18.78293854836506
18.7882913202798
18.91111533652961
19.360183845501496
19.605591444868384
19.94968132758056
20.018700698773394
20.39527539582803
20.41796525000333
20.7159310372955
20.7159310372955
20.80210022060988
20.839807965292675
20.860220080070306
20.887476987760955
21.053052297090122
21.053052297090122
21.209811227920447
21.24941971059987
21.275083889693576
21.279606263506775
21.522101190347605
21.522101190347605
21.614194842881098
22.347725962547113
22.359690810653905
22.60543545944576
22.60543545944576
23.273169757805377
23.34741405342557
23.435621201486796
23.65093310997627
23.686628887121625
23.817097103076964
24.025605016268635
24.520212154785362
24.520212154785362
24.712965876428328
24.752245584598512
24.985133228522056
25.26474392786313
25.2960604232364
25.412517512097416
25.416052508900112
25.532490232205166
25.557483734009026
25.72001804873743
25.913983418298248
25.913983418298248
26.083870852246083
26.22356430494715
26.36832195453269
26.412867464479678
26.567231837239547
26.98808630866608
26.991987094519228
27.104317063138517
27.180127932852287
27.26561506783485
27.580256296882705
27.580256296882705
27.58861783094112
27.70479934274806
27.994766160616376
28.01091516399803
28.129555743963493
28.32222528770362
28.43412173217612
28.52615486736659
28.690924236697164
28.869303241151087
28.99477128511158
28.99477128511158
29.20087089751763
29.338517910424983
29.51739549617102
29.57571084457651
29.748523634140795
29.748523634140795
29.771982727104714
29.822488425489187
30.111913565792218
30.41815793673041
30.571742235971108
30.57502327728664
30.71826674916164
30.82111224480702
31.293979067824477
31.419053304325566
32.10311909665946
32.62037634238207
32.62037634238207
32.680954451195056
32.87795292299707
32.87795292299707
32.949732705378054
33.38598966884138
33.44363537766355
33.60741533119896
33.6612655816962
33.744085165752246
33.82857167086486
34.08150454935485
34.13144794211202
34.22383784195232
34.33963014030977
34.33963014030977
34.46868248667975
34.967871330776404
34.967871330776404
35.36363118852485
35.960380262212176
36.031604619987185
36.731197151344965
36.76571709094289
36.932345222882795
36.932345222882795
37.113589161755215
37.20293836235405
37.387850716075285
37.387850716075285
37.56797852444277
37.580228482018384
37.60989833485335
37.66127719658775
37.68283508945945
37.88379671878159
37.898898066475084
38.203579565741954
38.32670485150268
38.43498650804405
38.43498650804405
38.60879842328243
38.96730406524137
39.077574474788456
39.35820105696954
39.582321814637446
40.03604691220575
40.136345790943324
40.210279597850565
40.529857087626674
40.529857087626674
40.564777659065605
40.76932853577354
40.93990743931377
40.93990743931377
40.954117355128204
41.45548938179395
41.46498624234669
41.5727937701756
41.73515515298635
42.11265011144406
42.267431096011535
42.452794775213874
42.80912909233886
42.95682130885575
43.16323020939807
43.17146578432521
43.20326907391962
43.23234790303973
43.46706453670989
43.46706453670989
43.469997456998854
43.72545351935788
43.77272229829525
43.94593581763368
44.04150728217942
44.240483599509595
44.642654536908175
44.65733269045789
45.08416656713158
45.10588743035916
45.74562627369682
45.75811690344134
46.31721161456301
46.465686030330524
46.50320925812024
46.56302700800699
46.705775304180385
46.81092058082125
46.89533078288581
47.027698396909635
47.14954180003875
47.29288095153216
47.33724946224252
47.363805499900984
47.44929163143145
47.48138189848492
47.606802184364994
47.72916699656271
47.832501658415
48.092705981746214
48.092705981746214
48.28088772051143
48.844106883504764
48.845988003649595
49.1810981012579
49.41477470439241
49.41477470439241
50.16909817014079
50.512604914841866
50.512604914841866
50.56007879347017
50.957991264584805
50.99528093160238
51.22834297865894
51.22834297865894
51.29393777205383
51.460753449292646
51.460753449292646
51.75902811590824
51.818683294432056
52.03971814859717
52.03971814859717
52.15216472572256
52.15216472572256
52.47737410980966
52.89119703071768
53.02091994020981
53.02091994020981
53.14636633923994
53.75944327368946
53.764262135105675
53.804939731108625
54.08895691703572
54.24365980743211
54.317706661706204
54.36179290222884
54.481943408161676
54.54460581147965
55.00062476739353
55.469750177871916
56.154888477514596
56.3584798905783
56.41154429832829
56.452512738017184
56.4718277930301
56.508400653124006
56.6300481716349
57.07752389001865
57.111847138105006
57.42942106664562
57.544930630327
57.75098127337848
57.75098127337848
57.785792419810484
57.82615889469919
58.023268967560675
58.90692122343841
58.90692122343841
59.02663653266548
59.481980563404115
59.481980563404115
59.50378696407229
59.54552063245471
59.72015953346092
59.98429711222487
60.05910617445005
60.28372297697826
60.45739428483343
60.51793590421829
60.557520658769214
60.557520658769214
60.637629822286435
60.786618298748394
60.94297288538637
60.94297288538637
61.02041811580429
61.03799752936703
61.10218837505288
61.128688244633665
61.18951359561572
61.216652036365254
61.25620633186396
61.41637214141831
61.56776775556329
62.18397612761285
62.551251925541564
62.67055769710105
62.69018225065983
62.91325576005791
62.91325576005791
63.12373482724751
63.683719663532926
63.683719663532926
64.06889990628673
64.14878900698481
64.42042510921284
64.67322597971815
64.71319250281829
64.95683669507
65.26683434476847
65.26683434476847
65.37372256361603
65.4425128700383
65.71853158248722
66.06164598498275
66.06164598498275
66.09186936013761
66.15393277314963
66.27419790942935
66.2978051918779
66.6650538895198
66.85027796556763
67.07039460801835
67.09465831805736
67.09762847379186
67.10899135797736
67.34757701398614
67.34757701398614
67.40167182964731
67.50951937075689
67.51789519756426
67.8002284328303
67.8002284328303
67.81879299394622
67.85412925304979
67.98882661899377
68.14306552360775
68.15354916046641
68.41983003347049
68.58071252375333
68.61166070729107
69.11288692337536
69.11288692337536
69.5134545561787
69.54920001619044
69.66517293492164
69.698556797718
70.32168043757544
70.32168043757544
70.42154835572725
70.66437435964393
70.72896217650478
70.89714713322726
70.89714713322726
70.96595120307325
70.96595120307325
71.05165921443529
71.05165921443529
71.4082169809659
71.4082169809659
71.5756285571749
71.61910518954068
71.6706796681247
72.17912301410857
72.17912301410857
72.19148377084473
72.4759830450992
72.58170853824049
72.7530867180581
72.7930979900745
72.90393576048893
72.91725791168987
73.08747668900652
73.33046457801595
73.35592613687895
73.49652678019999
73.49652678019999
73.50634269537727
73.59456912054291
73.93308797295622
73.9861412304528
74.2662875368835
74.3464153473003
74.68716537697094
74.86259110507906
75.04554636491521
75.18757187525819
75.18920543564245
75.69891195236171
75.83307773744824
75.94739561328224
75.94739561328224
76.0607693230846
76.10793019831435
76.27301908950581
76.52571201868884
76.58742637039886
76.74998405415758
77.09784706745411
77.1199638381085
77.20116968818068
77.45208602622272
77.54434733660733
77.54434733660733
77.58240666411147
77.63010185081193
77.70708101440097
77.90118824872947
77.97340302882753
78.33141758722793
78.39051960630835
78.39449769664077
78.43097234225777
78.76602288394604
78.92655341964095
78.92655341964095
79.23443914770974
79.49408714253113
79.6561844166904
79.86847694325051
80.26186778476634
80.36877478565583
80.36877478565583
80.53954613023082
80.6164504912802
80.90173137178098
80.9310421484948
80.96888063292982
81.06131474573144
81.21851547047517
81.26081282691088
81.71044774445632
81.78856568625665
82.21059907110566
82.38003536382351
82.38003536382351
82.43046441800745
82.68086084031795
83.17105797839297
83.21379532075878
83.44645042281189
83.44830495834172
83.74684069207244
84.00712631235638
84.29304063626655
84.57723402175772
84.57723402175772
84.72287835327097
85.04892466993712
85.16988992654764
85.16988992654764
85.19042874816013
85.29256636829375
85.44828541877781
85.64606985048309
85.86207348434897
85.86207348434897
85.9254673448481
85.95408773282163
85.98249052823688
86.11342072814094
86.11342072814094
86.40121950735919
86.40121950735919
86.71780459924658
86.75687746625118
86.82721589174267
86.9094462131643
87.07826902650743
87.08489364927857
87.27597089728455
87.69059769629342
87.73288059357684
87.7688424874858
88.22823331449058
88.66847651492228
88.83811458677506
88.97211070170079
89.00387989262728
89.15550406786768
89.19745607940497
89.2064166370345
89.3515577097959
89.41191701716777
89.54158320287098
89.7745785737907
89.78133436534344
89.94116663750235
89.97668134580188
90.0033343065756
90.16789038886354
90.62977949436778
90.8632420814454
90.88224580509215
90.95664952943181
91.23484157447568
91.3754724934452
91.39086436864905
91.58962567043649
91.58962567043649
91.63412231282167
91.70989903133098
91.86340896561205
91.91178261301675
92.0580986749203
92.35237692467408
93.36395117361246
93.47689033689434
93.47689033689434
93.50141517015743
93.9446169518792
94.20186380837744
94.20186380837744
94.51815573398993
94.76331988174066
94.90125076598893
95.12870698770189
95.17097192183616
95.33676061083186
95.4781709828483
95.49670212484068
95.50275216458157
95.57331005873982
95.5864426641814
95.76908453864984
95.76908453864984
95.87774401551124
95.89477071982236
96.17512442409499
96.41275057647667
96.41275057647667
96.43784014663292
96.45477816477468
96.66005724065175
96.769157721715
97.03277575164967
97.22894462611931
97.23509174154142
97.3083810758466
97.41270103089087
97.94208585965062
98.33759084197031
98.59693414295702
98.70898950688202
98.74166981379848
98.77124627632752
98.8292967566991
99.11960703556109
99.34491187454421
99.34491187454421
99.59183590291302
100.0814129178466
100.18124048581369
100.22835228050991
100.38436928707917
100.49825093461324
100.82169654183491
100.82169654183491
101.11320408891665
101.22728412410784
101.469842254821
101.48622013547288
101.51824310165543
101.54068450196229
102.06952200691038
102.3195468673524
102.40784812879824
102.42214644963134
102.42428384397242
102.51171910398371
102.51171910398371
102.57209917269475
102.67431478339569
102.71601285517791
102.78727308150307
102.80010967278814
102.90029375124925
102.98123201608617
103.28081576226049
103.34850711043498
103.44420795847546
103.69689977665601
103.83158573268209
104.050095843555
104.23855977412609
104.56668027749598
104.56668027749598
104.7054130124004
104.81200385992348
104.83521890913025
105.0896147241383
105.14372717318673
105.24224292362426
105.24224292362426
105.57351617750477
105.61423614866723
105.66224722065395
106.34645917427783
106.41904578432306
106.95249878798745
106.95249878798745
106.99361136091296
107.29189386181709
107.29189386181709
107.5740403258899
107.65570251813676
107.66523287406473
108.0910129405021
108.14061958130073
108.83655402429856
109.25837613921605
109.49709794977328
109.49709794977328
109.60423153161157
109.95388632899127
109.95388632899127
110.17462374738382
110.17462374738382
110.21819892039287
110.35708781336547
110.42690676609514
110.48871080389132
110.54571637918998
110.62418181371442
110.72611195142409
110.73764500385111
110.80596823836053
111.09428984344318
111.09428984344318
111.1705635673307
111.29182433703086
111.7113790154095
112.13869823523795
112.31493162492923
112.3577480970945
112.40720248047775
112.47331722732002
112.55230834684042
112.66827749002567
112.88712119230112
112.88712119230112
112.95663968051566
113.13465826184368
113.1401892984193
113.24971031313628
113.63371489296905
113.96684156652435
113.97126615098094
114.29586483944142
114.4136754904136
114.5269952205336
114.83900659504901
114.98023014990223
114.98023014990223
115.2618704123591
115.6469353941527
115.73884676700698
115.86811266432862
116.0093980754113
116.1537767825195
116.22218931750211
116.23304708407795
116.63607978779385
117.17726820531242
117.55464333357746
117.58759985435461
117.64478685843555
117.85305140500986
117.96754786516837
117.98948278286568
118.13771124054774
118.24213514242649
118.36528015256026
118.44864069542282
118.48392460124425
118.70464156158552
118.70464156158552
118.73893409979934
119.0662033165133
119.09954943879951
119.48977081041986
119.49272835162675
119.942750691201
120.26178217589474
120.48242693350505
120.73506895241132
120.73506895241132
121.01970431858093
121.59869361759394
121.62467937092649
121.63923089089538
121.72350231807346
121.72844916430483
122.09401816502036
122.31761489766104
122.73384508303818
122.95957120760815
123.03746836077393
123.20682127744429
123.20682127744429
123.28165663660852
123.3465178771545
123.4989452461717
123.5507377560448
123.56376977316738
123.59950653527491
123.67303244828625
124.08999873453598
124.13911717387124
124.22841972659162
124.31137491341077
124.43543996938965
124.47134729438226
124.48056303805238
124.48861687040475
124.61137859481498
124.736844078421
125.00936883364407
125.00936883364407
125.17421062099275
125.20725051545502
125.25958111479275
125.30177967007921
125.67893551042178
125.74847803259834
125.82492042293396
125.98331541007916
126.04198553418954
126.14168398597971
126.47863921122058
126.61270898235185
126.66649624021147
126.69058571896758
126.7110419818645
126.72521004513338
127.17863323666673
127.69023627909084
127.69023627909084
127.7509839080716
127.78665637380882
127.85591663493122
128.17587604152965
128.22270364543084
128.85667938522806
128.85667938522806
128.96948827071063
128.96948827071063
129.25755552088046
129.8365060841853
130.1155357760199
130.26345129931667
130.26345129931667
130.38122512323883
130.70039453964444
130.74402595339856
131.49182538719475
131.51045299483502
131.7908056653136
132.06400856110966
132.20282895519156
132.23692143158246
132.40710420381401
132.48414137604033
132.69146789299228
132.7996507539161
133.312342293155
133.62267871002928
134.01826948160385
134.14824998430706
134.25671722579384
134.3204044977988
134.48964753586094
134.6398665627706
134.67795837132948
134.82062735345434
134.96703787495443
134.9860559728717
135.10372388627079
135.17007295887026
135.22970200087912
135.3082897643166
136.02723916829248
136.29242760491843
136.58476943992196
136.65667161028705
136.6581289884629
136.8480699385557
136.8480699385557
136.95012792271433
137.2904617918675
137.6646624266739
137.6646624266739
137.8221003688092
137.83813020146096
137.84898727413375
138.27586914934787
138.28439126680527
138.29968064321218
138.52512307417837
138.54455468820655
139.03174011763812
139.26662203389643
139.3679939386577
139.36881396975252
139.97753923089746
140.0879888729115
140.21859487766037
140.27991459758826
140.3436596338993
140.3689746869458
140.47718141918904
140.7341916319489
141.0863529428906
141.20058323234403
141.67967869083478
141.67967869083478
141.8407772956946
142.15750895957137
142.20942665127728
142.3120653078168
142.63357246030182
142.66985596193246
142.8864774113691
142.9200322412736
143.06358692640998
143.59714730831388
143.66954903168417
143.88275297277943
143.9257630443864
144.20282562873544
144.3723006131806
144.3723006131806
144.80105702812563
145.05579050806816
145.05579050806816
145.39130510959822
145.39130510959822
145.49108150165384
145.49108150165384
145.51260986860356
145.7790175014298
146.18366278565622
146.26982629327017
146.26982629327017
146.32479365997435
146.3297549978915
146.60391987419902
146.749395953933
146.97979852208994
147.01599299357892
147.0188451286226
147.04463534950395
147.37896004358683
147.70954340826492
147.8484399432745
147.93187157327463
148.14496049732875
148.14496049732875
148.33729853961609
148.40370074122936
148.46212045255442
148.66535161631768
148.83395977513683
148.83395977513683
148.84306851054743
148.98695236910544
149.2060966281382
149.48113834152943
149.6465466278743
149.7039885773797
149.98223090710658
149.99004819361565
150.38802029299734
150.87903172740542
150.9270665601534
151.09177056778472
151.1565284264781
151.19813841515588
151.3113610248737
151.40185238245255
151.40231677977485
151.79336090167723
151.88104896836253
152.13298956107698
152.28733676881916
152.38413604425497
152.52024101125534
152.59752400283912
152.7535855089
152.8300556248858
152.8350407364848
152.8502064667238
153.41722542728002
153.44881127659212
153.70002536648275
153.72731764974438
153.9722376058418
154.03198816515012
154.30228090468498
154.30228090468498
154.42406619934468
154.51954964769678
154.51954964769678
154.64724824183017
154.74113613094903
155.23564700449276
155.30938846450812
155.7290016407864
156.12788811709646
156.23917932067104
156.37896627871083
157.01902985880685
157.08649954516846
157.11647610303015
157.35752556371293
157.4388493847272
157.5137532601263
157.84244366569965
157.87499734215757
158.043394689948
158.043394689948
158.14637587366613
158.14995385528889
158.44551171341257
158.59006705667258
158.59006705667258
158.74759829895586
158.84607123641018
158.86967570182125
159.09729767093722
159.09729767093722
159.4685520420947
160.13867643038964
160.13867643038964
160.30770623590706
160.3594679492829
160.36069392845886
160.43252293804065
160.62603640836917
160.68405527954323
160.9805744550568
161.06437722969878
161.29892135963104
161.6898983850411
161.97549527732198
162.05722076637778
162.15116055741956
162.29667100763393
162.32964651740554
162.38980924117837
162.43039752396908
162.462194670977
162.51299448386584
162.5236185098872
162.68450931954047
162.6921014443151
163.29317804837257
163.393608006695
163.42956383453145
163.48685976990814
163.53320879968484
163.78008719225556
163.78008719225556
163.88510172508504
164.74907207868284
164.7585910860783
164.79018454152262
165.0789834113731
165.14106246933804
165.25415766152312
165.4524141116515
165.6844900561576
165.6844900561576
165.75740109175047
166.09576711018295
166.30563315749905
166.5841292501373
166.58945259822792
166.6020930742477
166.9158953966848
166.9158953966848
166.95227147665847
167.4462781340335
167.53685688038215
167.53685688038215
167.59906411236824
167.85111753076097
167.85586818373494
167.99279057736487
168.006056678592
168.39545877115782
168.6620201507727
168.76461470872215
168.76461470872215
168.78271081328148
168.82712226320513
168.90318678185392
169.02818012249148
169.2669318468494
169.2826774832104
169.32776352521122
169.3587307957962
169.42707688642213
169.7771200497239
169.80730482410553
170.0689849956638
170.0689849956638
170.16810350164536
170.16810350164536
170.18029529086107
170.36011313905703
170.58412670514284
170.58412670514284
171.41196143290955
171.42452776061214
171.60644369075095
171.60644369075095
171.68930338796528
171.8331030181387
172.23257939568612
172.72610634180126
172.72610634180126
172.94924757419045
173.1901774023729
173.31463627262337
173.31463627262337
173.71967412018458
173.90548172606742
174.32471853025277
174.32471853025277
174.36381594092742
174.37317639746448
174.4343818396801
174.6535951594639
174.6535951594639
174.97390710033702
175.02052812968617
175.3083741375657
175.3083741375657
175.44554463483533
175.54288780954164
175.64410730712544
175.64410730712544
175.73475563616404
175.82057582686267
175.97343425641105
176.0486942041634
176.18658773895982
176.3242306502746
176.49786063413168
176.57594311979892
177.16264994712034
177.3644562039344
177.42267263054623
177.5920145410751
177.8610036372775
178.05896470123542
178.47579925061933
178.57824929328368
178.57824929328368
179.055769748176
179.19403148180933
179.28367997653532
179.47341246351783
179.76602291452213
179.76602291452213
180.05332380203433
180.05332380203433
180.26575947337565
180.37238558029432
180.37238558029432
180.51961551212372
180.58607049932496
180.80991107567274
180.80991107567274
181.34780107268253
181.43390846180574
181.51445872799982
181.52851609026
182.24018879369945
182.32759512441493
182.41867545269355
182.50699812299277
182.57732480053642
182.78332218910282
182.9867328919984
183.28787290579174
183.4777207347875
183.8034226088705
184.1236349114914
184.18739756910736
184.42054051031397
184.57053368017054
184.57053368017054
184.6226105148812
184.880494289942
184.8941039373893
184.95268448653184
185.29711977174918
185.30604401196626
185.4324048276468
185.62614375776207
185.83741679605092
185.8475528731948
185.89874805554405
186.25191672321583
186.40121140527876
186.49056952348693
186.68701173573982
186.68701173573982
186.9477113721434
186.9477113721434
186.97553559429895
187.14633742352612
187.35586817815414
187.51081661704404
187.6499623085074
187.6499623085074
187.85750472602646
187.85750472602646
188.2319713892834
188.2319713892834
188.25099151830946
188.3312945199183
188.35858376545102
188.65608740481395
188.66495040411917
188.91058944207222
189.2118011424162
189.3139881958156
189.67705405556066
189.67705405556066
189.80990727366878
190.00380853630224
190.0457403911953
190.16872919295594
190.20184619674387
190.23312333303627
190.599948918067
190.599948918067
190.88568246020247
190.93090576224176
191.29088727985427
191.35253851904267
191.60380649061437
191.6883266634966
192.22142005208693
192.22142005208693
192.26842079685485
192.2745838014343
192.37978056165935
192.39284919246353
192.3947989105067
192.57521037595336
192.61387272556368
192.82381562083884
192.91412761731445
193.06797726205673
193.5458936692246
193.81917113462464
194.31825372330377
194.67223106916288
194.83479930136753
195.0939978800977
195.38765836984024
196.26458332923738
196.31715600905508
196.58560699697287
196.68302650416447
197.27309562609577
197.29127784431293
197.5404475491798
197.72872307719626
197.72872307719626
197.756174223071
197.85626503561292
197.96071257568835
197.96071257568835
198.09204349555063
198.1544804281594
198.57583179037016
198.64517911764725
198.66132531235687
198.66656227447575
198.9239376973951
199.11552695939716
199.11552695939716
199.12754365097496
199.39613424406164
199.39613424406164
199.527942752164
199.7181777261318
199.81127793734964
200.0204392925464
200.0204392925464
200.0353270730881
200.135718302807
200.48986017501622
200.50300559537442
201.04683176986384
201.12020200606543
201.33411499735055
201.72924045095127
201.86309918653419
202.01854405454614
202.0290700341676
202.0751657284746
202.10146094339748
202.18787000165776
202.40623150259884
202.51362985298294
202.66061749735832
203.71954266487623
203.72361848434582
203.8064520550194
204.31141627216329
204.44865342498096
204.63269845968478
204.63269845968478
204.6506264749715
204.8607185553616
204.95070964042276
205.0832366428009
205.13942829042026
205.16307665673767
205.32976449104615
205.32976449104615
205.53867116850117
205.61154832857474
205.63777506660412
205.66610626037107
205.69142068920925
205.8750016780637
205.915099588303
205.99129249077293
206.036885455371
206.26423961052464
206.79666858454783
206.815784136174
206.96292495486023
207.29550230580162
207.38535239306788
207.40597855402635
207.46730495278473
207.6616895103536
207.79662987077617
207.79662987077617
207.83207405104514
208.35193776104427
208.55573061097112
208.7683993053901
209.14372022730657
209.14372022730657
209.23401730116439
209.4428728007133
210.21401661927348
210.38072390162176
210.61594914618252
210.61594914618252
210.81508203705843
210.97277118763822
211.06490518130252
211.16554723946498
211.19476443206875
211.21062635407813
211.32299280352146
211.39725081777806
211.58324635859464
211.89618716295968
212.03337681460124
212.1174356664723
212.42811097655982
212.59098230652071
212.6284613093669
213.06146117010073
213.18661341938
213.2077497835771
213.2403202660947
213.40080539342165
213.58673053095927
213.85564823244204
213.9415496441727
214.0002609729471
214.24254093945095
214.79642004263184
214.79642004263184
214.81370425648095
214.8145034154329
215.11069372510914
215.17712533729528
215.22552365600419
215.35689661430126
215.5138848488256
215.63764896614927
216.31261490996917
216.3480870380722
216.38547961517742
216.43297035341698
216.78917592526864
216.84252566759733
216.96578695241035
217.11319816338377
217.13693950105773
217.85111793541637
217.9959213957163
217.9959213957163
218.2078233208279
218.30972343731585
218.44113848255984
218.57915042215194
218.94503122845543
219.02105887333724
219.42232756214557
219.4441823777955
219.51557478321982
219.9180802573322
219.9180802573322
220.09784408242
220.09784408242
220.23469866104915
220.41221585586229
220.6254257451587
220.93489731841805
221.15258509847672
221.15258509847672
221.3122109329016
221.4842079768162
221.4842079768162
221.71235434064872
221.75674628188992
221.76098533859914
221.92039831243093
222.02149019976702
222.02149019976702
222.28043283545412
222.36366566541324
222.55891571047903
222.70869555898474
222.88554653988075
223.02613039541754
223.1579158377972
223.1579158377972
223.1983392490222
223.23963903720505
223.30790997445928
223.3209285469645
223.5692111963711
223.67651083922448
223.72196640637648
224.05322077858656
224.15883812534105
224.15883812534105
224.56938670337792
225.00905141116024
225.12152880096818
225.12152880096818
225.2333443805502
225.26128646062077
225.5505935220521
225.658647097529
226.11677452865277
226.4840476064642
226.50199795883668
226.52106509898346
226.783539925977
226.94811778368341
227.09492916566728
227.11210055739934
227.19994504678704
227.92853415387611
228.794515770498
228.794515770498
228.9863683028412
229.09322916281988
229.1004384979637
229.30699981405624
229.3526914785296
229.5087234169242
229.99408795445643
230.15298514464862
230.2143267124949
230.58969713164598
230.6083048359475
230.7838307735865
230.7838307735865
231.06495516755078
231.3265026119777
231.5764049103734
231.5764049103734
231.63412956958092
231.71445779230254
231.85571359041165
231.94342249908945
232.22938991765014
232.34064404580295
232.54404267335943
232.54404267335943
232.61557082568393
232.78936667950993
232.78936667950993
233.63146670325065
233.73789500092272
233.7575205976861
233.8306835607891
234.03381802420017
234.22786871171724
234.25737749382546
234.45735902168772
234.4917121126545
234.5301251355224
234.5554548883022
234.60505528419557
234.73526656588248
234.76750918793317
235.1844414883291
235.35180952329648
235.3578108908623
235.58039149227503
235.60483090124953
235.82926150656715
236.04602019429615
236.58960360806137
236.86698506857172
236.88667566424257
237.09293669322486
237.14274198964168
237.15414806585562
237.2467088916514
237.26173645265692
237.3015102361976
238.1018166916897
238.11408586023902
238.15238967215137
238.39578467831714
238.4613205794058
238.79022051362963
238.8622282958174
238.8622282958174
238.9973177350423
239.43986883060418
239.43986883060418
239.51051863305588
239.77343912478966
239.77343912478966
239.77446272813117
239.80353209885791
240.39195484024742
240.43053130720003
240.47105507449555
240.51009573740282
240.61788177651403
240.76028343151592
240.76071675897376
240.83860697806364
241.13789517343847
241.5880516394495
241.82871726860458
241.96536125478735
242.16347744316408
242.7548269344367
242.85090858135175
243.02473188103065
243.16951646746142
243.18630376765617
243.29338051405477
243.37847338825316
243.56932949507532
243.8504425995367
243.95412072978337
244.24752668327486
244.24752668327486
244.3694962447349
244.4969255529104
244.4969255529104
244.6299365552684
244.7162108535044
244.7847954265882
244.87693560549798
245.0340246529389
245.20342950173983
245.3491904257068
245.7456891059195
245.9070368410933
246.3481683294937
246.48564890323772
246.48564890323772
246.5565446265578
246.66086619962093
246.71784932347828
247.6298860247484
247.6298860247484
247.93416807047223
247.93416807047223
248.2795606474416
248.2795606474416
248.36571026077294
248.44185020719308
248.44185020719308
248.47497288102764
248.62698244122635
248.6594182819849
248.75040875109477
248.75841021436875
248.78470544203194
248.9288824284045
248.97515866574616
249.0349073343882
249.15289666540832
249.24662436918257
249.32261924352105
249.41739277809322
249.75392690756496
249.94178055291508
249.98148378994202
250.05350625280693
250.20099127988772
250.20099127988772
250.58522346855852
250.6563711050528
250.6765533076865
250.79070830725152
250.91891777947512
251.23953125569298
251.94417323779774
252.03501555886731
252.0584682784664
252.3669320330027
252.45852363284772
252.4923244131185
252.6715465303208
252.83110419205084
252.83110419205084
253.08880637658535
253.15490825936877
253.3490985925471
253.3490985925471
253.4620933512048
253.55819718506012
253.62805942292871
254.1593130832833
254.33713415232566
254.36949012872373
254.39146301228504
254.70129132239916
254.89809888084494
255.15806835594023
255.23603826478242
255.28680759670488
255.3620070906907
255.58517601556585
256.0139807350266
256.04372147124354
256.0619925509232
256.078655222815
256.1743048431138
256.3391478656153
256.3391478656153
256.5215244608468
256.5948511668384
256.70766780392466
256.70766780392466
256.76166450880976
256.8330602604674
257.3259960589985
257.53098722700184
257.6517617317326
257.6807416947543
257.80216519885414
257.8826650994845
258.207032679916
258.21152081870923
258.30362183637646
258.40089930539597
258.4350253990364
258.5198125826696
259.0562688797129
259.1142918157875
259.1845804277428
259.28445669317045
259.28445669317045
259.31045840251534
259.35141126973116
259.39855742230793
259.6017339197795
259.85851055042883
260.00479256339986
260.12153568951345
260.2142432146524
261.5946874672938
261.8033891617225
261.8033891617225
261.86824917693275
262.17357242163206
262.23201112875455
262.29459649330175
262.60523792345396
263.0657431047696
263.1042153427547
263.4108450304007
263.53214076037244
263.8435319574533
263.9962549637556
264.1358860297559
264.30789790790055
264.38132260248767
264.6534129557838
264.6534129557838
264.77410758097705
265.19529164159945
265.1992593441089
265.22525243764284
265.32591356264885
265.3389450983295
265.3706436927606
265.4159416532034
265.6083287640242
265.8652090044305
266.0544993886256
266.0544993886256
266.06988991335936
266.19522050491327
266.73674187204466
266.8637295761959
266.98024146800515
267.0391524932389
267.1141973373872
267.17806223764046
267.2547607429366
267.85123246104797
267.9168257748012
267.94215130407053
267.9818051795472
268.7130165775119
268.7569524174992
268.8920057856005
269.0261143795882
269.10606733396804
269.3068346221705
269.9198882664245
270.28110192569795
270.48810607295746
270.51402303214144
270.77529124914673
270.8626244512932
271.16020685401077
271.26591409488276
271.26591409488276
271.38540943523475
271.6597486824065
271.6597486824065
271.7972465529524
271.99351251511536
272.03921813908977
272.13272285779595
272.187170410969
272.3120707237369
272.3523584907037
272.58562890502117
272.6059383053737
272.6663920106072
272.77303944095473
272.97111904891335
273.04791614349654
273.10495356644566
273.15759335633356
273.81437175995626
273.89760664452086
274.0202054561101
274.5521483216285
274.8106568432137
274.8106568432137
275.00556149444645
275.00957556291183
275.1721113647332
275.55184678195735
275.8569548702448
276.30213163648403
276.3333824778201
276.59112461606315
276.72366638757694
276.7445257296355
276.74763412401495
277.1464428170081
277.1464428170081
277.15055138798795
277.24445535938844
277.2722103343414
277.43279460355467
277.58527330473436
277.59850290756503
277.65511942077563
277.8294615209376
278.2573258054374
278.34473114191445
278.73757246956285
278.74741797446484
278.7655403255277
279.7635760368705
279.78594862378446
279.78594862378446
279.7964879481848
279.8122552177356
279.9048684270205
280.1534808995172
280.2477084343135
280.36721069578823
280.6617960594264
280.819731396571
281.1168190625059
281.6045527868572
281.69059689857494
281.86595679646086
281.87381470011786
282.0496464586641
282.3298832428006
282.3770031043534
282.38892888507655
282.4797434230117
282.8433307838466
282.94286252146554
282.94286252146554
282.9570982702369
283.20769124239354
283.2120051569739
283.4888323246866
283.4888323246866
283.58514971906254
283.6574970965859
284.3004029110052
284.3738165733838
284.5567394260328
284.5567394260328
284.6437779443917
284.67041048798785
284.96234274081326
285.68476002541325
285.68476002541325
286.015089826774
286.015089826774
286.10872549415257
286.28023968903403
286.4335727154002
286.5076901898999
286.9222774874457
286.94799468895445
287.1441459443107
287.1441459443107
287.20628632483744
287.23594714340123
287.2865062289145
287.51373943598395
287.59357864735966
287.91333149749744
287.94884322604275
288.2149693736636
288.2149693736636
288.4184354146074
288.63155408508993
288.63155408508993
288.69976559409446
288.88122679724614
288.9474579330458
289.222679527886
289.307213917032
289.4825990934505
289.58379838080003
289.58379838080003
289.6944356398665
289.7932199634981
289.7978240244615
289.8750546512517
289.8750546512517
290.1049787668618
290.3338711439472
290.38787386968346
290.48136552548743
290.6470172053813
291.0966391250383
291.17318132075843
291.3016798403587
291.3016798403587
291.42368185220107
291.45751083512664
291.7244521894618
291.72715653161265
291.78326624365866
291.88721451764127
292.2747098458437
292.275007858264
292.3831790566618
292.6349223838941
292.8911481215178
292.96098300663357
293.15569089717985
293.3563024539527
293.44192967377774
293.7353336741359
293.9943507630546
294.42281450892665
294.42281450892665
294.58557584712077
294.64158220948065
294.72705613177146
294.8259692554285
294.9924506648587
295.1457949730977
295.19161310513215
295.44189565282636
295.647203935148
295.7233327940632
295.8789279966312
295.8789279966312
295.9021346258607
295.9065094869373
296.41499303953924
296.4230891904297
296.89837166094003
297.44100119451247
297.46259794359077
297.7712495977478
297.9287496942869
297.979263762094
298.2845008361939
298.3960761650184
299.14471151130704
299.14471151130704
299.17384631522975
299.2861622217816
299.4516646917944
299.51677285541615
300.13644411017117
300.2512724639919
300.3200668818428
300.3315442414629
300.50971459431884
300.6716106111889
300.6716106111889
300.6887070602565
301.0109656139239
301.0109656139239
301.43889984565357
301.62612440995605
301.8595298330571
302.0059342106551
302.150554215008
302.26030581932326
302.43457147656665
302.6065991131562
302.8635633872529
302.87757418439935
303.2483481742637
303.2493006242566
303.8077374458509
303.82835041997924
304.0450247507646
304.0641066743557
304.12152635206195
304.2593354943668
304.5730936047186
304.5730936047186
304.7489223334164
304.82748381407055
305.1750213114243
305.5106927175774
305.5676584429459
305.59746459713654
305.95945643009173
306.07107306276305
306.33864100901354
306.44786339519703
306.44786339519703
306.5759241585455
306.5759241585455
306.61043685749155
307.0329704484775
307.84843176964483
307.9843462766334
307.99788036207843
308.07386326012687
308.08835248030766
308.1137740305721
308.38008182848085
308.89518999897
308.9656717775409
309.0507829675816
309.07831282763226
309.7130524289548
309.83523396881554
309.88178213864603
309.92274348208525
310.0736071580977
310.18413027390136
310.1880930594352
310.3432995305839
310.34423188229334
310.45524397109045
310.51386850155365
310.6761368981853
310.68741810923405
310.76404568760375
310.76404568760375
310.90608155274845
311.1794904740892
311.1794904740892
311.3078654411644
311.62313083474453
311.6804315178572
312.0705967327292
312.88645098509426
313.0402755581517
313.0753302735129
313.15637971916317
313.2225946353378
313.32470114272775
313.39399176369557
313.62023860565506
313.9900769003854
314.32155560161743
314.50219690405754
314.62182911337584
314.62182911337584
314.6246732222652
314.6253489847461
314.69264498295354
314.71623153987593
315.19149185655283
315.26655218498036
315.2729210333377
315.36192561511507
315.3989853425939
315.50274873956505
315.55067773608636
315.7127363209596
315.77516211629484
316.26670734203543
316.3230338227675
316.51620593612546
316.69128177180073
316.79306734705926
316.8434391972005
317.0556522360012
317.230806610319
317.3574665474173
317.551083256135
317.551083256135
317.5914713636477
317.6264313145208
317.7080252305891
317.8401850283786
318.0808518641467
318.10803274201425
318.4622745353526
318.4622745353526
318.63511370482996
318.63511370482996
318.87871459609295
319.21457286161296
319.7844317283282
319.7844317283282
319.7897561752893
320.2241880268178
320.44585920805355
320.44585920805355
320.57318173113686
320.6321990468496
320.768123167728
321.02684236884465
321.1701980512825
321.1701980512825
321.20292656556984
321.4341740396331
321.4341740396331
321.51804527836373
321.54445271892246
321.74398514551984
321.9868415688513
321.9868415688513
322.00438232039477
322.09202337355447
322.1444184035505
322.4093762808672
322.64870507528946
322.9295963853795
323.16314302193155
323.16314302193155
323.7283670586825
324.047514273406
324.46697221332767
324.76539030975925
324.83048369785297
325.01316098320325
325.4558614670144
325.54102033519194
325.54102033519194
325.8715867614147
325.8955417070834
325.91454764039474
326.0234318120913
326.0310441113279
326.18403335633406
326.20490191964325
326.3771157785292
326.3771157785292
327.02328593503694
327.11766721506103
327.3816862037085
327.61776679655026
327.8850928493627
327.9520229957027
327.95887729316416
327.9742048718337
328.06417193814366
328.13121622590467
328.2985843989711
328.52308969733866
328.88481082224223
328.9578225886535
329.0011142362114
329.34074178517324
329.34074178517324
329.79822054287905
329.8456744056424
329.88362261463277
329.930337037723
329.93406581088624
330.14291843684356
330.29822685942173
330.408404106866
330.429882230876
330.5158618658337
330.679498481145
330.679498481145
330.76920096478005
330.77779250633796
331.2435942503372
331.43936477619366
331.4840247526669
331.52178563007203
331.67842814054706
332.2270220899264
332.2270220899264
332.2891097639445
333.0979202276559
333.35186511421665
333.3605396616596
333.44760874808645
333.4994786192248
333.68774901119525
333.8343474807295
333.96715114126636
333.96900623461244
334.05662089032444
334.1761066166754
334.2818682296452
334.3711797985671
334.4665158777699
334.78168315463654
334.78168315463654
334.8535867767108
335.0090209217829
335.0090209217829
335.15777911245743
335.24356099434186
335.4790763986034
335.4790763986034
335.69565180279625
335.8773168582333
335.9056459321925
336.66486266587003
336.79221818035387
337.0882751057313
337.4554800509757
337.4554800509757
337.5268185598886
337.6351361917244
337.69166694515945
337.8192529869234
337.8397753087138
337.84437455969146
338.04557708480485
338.4345798159274
338.7444156681743
338.7957083630788
338.87061546216285
339.0472803459703
339.0472803459703
339.61845349829025
339.7593750709201
339.7593750709201
339.7700515473995
339.9926517597031
340.12002216891136
340.3315876323445
340.3315876323445
340.3402728868142
340.6661374416857
340.680678799183
340.9026589522751
341.0086379615002
341.13583017410576
341.1958135475253
341.2986127292794
341.4683111394729
341.555866406259
341.684105155
342.01172019480856
342.03578141117
342.1516657384062
342.5823958043747
342.6017755063095
342.7788073556121
342.8372650828815
342.85873457748335
343.00199659676144
343.0370740716419
343.46069972027584
343.5318514897052
343.5520622018558
343.72886134686235
343.8806650811843
343.8806650811843
344.065168797112
344.273289868606
344.2833187235337
344.31756857138214
344.31756857138214
344.32464650889045
344.4377314242736
344.464462527075
344.6513388084344
344.6513388084344
344.69613750377135
344.9195886756813
345.1347521746301
345.2354178052583
345.48354095219264
345.7027465955975
345.8133101529486
345.82773555869954
345.8952375964502
345.8952375964502
346.11070945580485
346.17634270480664
346.75094807150765
346.8246444880084
347.0502647663891
347.47342184035665
347.5721164753662
347.69931509786034
348.0428231929821
348.0428231929821
348.16771721684427
348.3276303560569
348.5078739856263
348.5533200590256
348.69488243974683
349.00585650659593
349.2503142242272
349.48924593337557
349.589092585659
349.71437644684335
350.14926474177463
350.26746592363264
350.3067468577721
350.495530937697
350.5455027418563
350.70528641326865
350.720905174196
350.78020690877787
351.02932932592813
351.19773148479396
351.40987695215716
351.43525584061865
351.4890973857609
351.52953539961345
351.70189549125774
352.1033064605348
352.3092668916015
352.5276986572356
352.6633279396573
353.23416063602883
353.3267162326443
353.3570311108584
353.8560291863271
353.8560291863271
353.96032110130386
354.2782542832085
354.2782542832085
354.55476502435647
354.55476502435647
354.6224553114149
354.89548481008273
354.9356630942999
354.9857765440124
355.01346069813866
355.0518876712101
355.0699313219061
355.20736715511185
355.35786731763886
355.71311811267094
355.74537349915005
355.79559684582705
356.2176240657117
356.2313495130889
356.3478168601045
356.57454680312793
356.8202515240692
356.8202515240692
356.899431899919
357.121717285838
357.1334921948435
357.26556652601744
357.27976465715903
357.6869468152471
357.7298522895405
357.90936847459216
357.90936847459216
357.9536498181432
357.9580843271345
357.96293353869544
357.9817585413833
358.09434266146116
358.09434266146116
358.2175784312222
358.33687084258366
358.33687084258366
358.4223159995821
358.4597178810782
358.5995201448174
358.5995201448174
358.8253817182082
359.1935645193387
359.4675574100394
359.5095767458666
359.66017041561696
359.96909734861
360.07468180445056
360.36855778743944
360.39451737886355
360.5381846080823
360.76041764054
360.76119080938884
361.0401685072996
361.2265254891355
361.54385073771874
362.14613463258655
362.1859148362065
362.32329690354675
362.34973514136834
362.40664009929594
362.7070288830804
362.7106718827878
363.02355767924274
363.02355767924274
363.64743185386794
363.9313946611694
363.9313946611694
364.07544979609304
364.18774138958815
364.24603626588464
364.38408190120475
364.38408190120475
364.38410637808687
364.56974468205027
364.56974468205027
364.6003450144141
364.65926182716424
364.75507349588827
364.9346502635407
365.0282168361266
365.2910321056887
366.0562542430587
366.16020870770586
366.4000430271899
366.4000430271899
366.4048327556705
366.88173977900885
366.925737614288
366.93502498400323
367.0398055143773
367.19333593691806
367.2838667189198
367.2947462307508
367.38407753481
367.49485443248494
367.6191720989384
367.98447179299404
368.0203001806886
368.1030151648226
368.18436475219386
368.1939748606408
368.313747085483
368.36555316256494
369.1092128808909
369.23411864284446
369.2866618203379
369.4651978084859
369.51858371196954
369.68676107547907
369.7530612315439
369.80814630725393
369.8732960970687
369.91147307183195
369.97822155625397
370.1042305961368
370.1347590357796
370.3344080411585
370.47132749883684
370.49451294320164
370.4985618422894
370.5019603834719
370.56262450007347
370.6552096190955
370.89011252322814
370.89011252322814
371.0241984167037
371.3460278056587
371.46828644717834
371.72087736117624
371.9126128650355
371.98848067893067
372.08535300437575
372.35632859465306
372.49149932643513
372.55043214164596
373.00443720282743
373.11138470733385
373.7208514608012
373.97525603933195
374.2815285825455
374.39251168370754
374.68211858278767
374.7142429072019
374.7942339402031
374.80801219728255
374.8922746560531
375.48144847185677
376.10118993763496
376.26751204048026
376.339081889219
376.5735388982267
376.7447974175641
376.8097735956363
376.8255941041312
376.8582285617688
376.8819748544744
377.1227107652769
377.14430301030325
377.9468894256186
377.997432483448
378.42033820951525
378.42033820951525
378.5145556098117
378.73205994701397
378.9215857363817
379.11832674811524
379.23696589078685
379.31784722964454
379.53886194473273
379.5701575317148
379.7851813186229
380.67099655594217
380.77675360150266
380.90107616108503
380.90107616108503
381.055473987043
381.1039354401718
381.1879938075882
381.29232938248305
381.6310665123419
381.7288119053502
381.7399218144
381.9300115059258
382.18214354868735
382.26176316344385
382.36487264044575
382.36487264044575
382.5545432153386
382.6048606923181
382.66172798389175
382.9488196901942
382.97226523789794
383.8460862244945
383.88483770151333
383.9843381484159
384.0469287777923
384.20929757272063
384.53671861541227
384.79843753580275
385.15124285207696
385.5941711607202
385.8938998103472
385.8938998103472
386.19072564347863
386.19072564347863
386.2470969143254
386.2509977415252
386.445864309764
386.445864309764
386.4523594290476
386.9729620301961
387.06623134773116
387.2109744974217
387.4872603518462
387.48950796925027
387.7258382442874
387.8222587984475
387.99262983618905
388.18216646005243
388.3486974316434
388.42785729049535
388.524829975369
388.57612527616635
388.91726849374055
389.1065672384849
389.11802370751894
389.40140954306884
389.49652741250696
389.5431680502253
390.0426003328616
390.0473493660582
390.07484182490487
390.2620873353467
390.2620873353467
390.4445788692657
390.46865363613034
390.8039900403655
391.17506720195814
391.19850544849265
391.83097081340765
391.9432754227474
392.2650428209449
392.3024289841673
392.3608758251648
392.64016272979694
392.6990407089536
392.7616601814672
393.26340867578483
394.00104980648587
394.0191181656291
394.07255667814627
394.139995282659
394.161073651741
394.28697237725044
394.7078512285798
395.75839725732
395.77998260012157
395.78824078850477
395.9511465872212
395.9511465872212
396.1143284303794
396.22789630572254
396.2799602750718
396.2799602750718
396.39348584790247
396.5427438166169
396.64555178173987
397.15880187157524
397.1967108176106
397.24419022122703
397.28109897173374
397.43530531653346
397.64921965542663
397.8134671190147
397.84875141062133
397.8489666922866
398.7493099352145
399.1197675738015
399.3547344076275
399.4165886972282
399.7312693551755
399.74443214371706
399.7883059785785
399.85509276862155
400.1876882481888
400.2478767121095
400.3067680577628
400.34694999753026
400.5468592341504
401.11555045160225
401.11555045160225
401.66282222179217
401.80164973174976
401.87806176127765
401.88670408690336
402.1686574785722
402.8012642479604
403.0513490031573
403.06388956709515
403.2737354953822
403.2737354953822
403.29605308520377
403.53050898236444
403.54472616299654
403.68300840103666
403.68300840103666
403.7702510818036
403.78238527916534
404.12456628330193
404.2058202364608
404.5643465545509
404.58537482410406
404.8806606610004
405.01344394305306
405.05123485360855
405.4726940022957
405.8287808859579
405.9255553067704
406.1678874676266
406.30916493360417
406.30916493360417
406.3714286511391
406.52294411114514
406.6385449310023
406.894478908154
406.93373543655684
406.95925950937607
406.99534817432783
407.2745678905826
407.5982314301606
407.5982314301606
408.1633072707408
408.2657047284837
408.5103419766025
408.6215417661831
408.6215417661831
408.6323037951924
408.8428132044883
409.32217134029923
409.36041719450384
409.75872774997475
409.81437122087374
410.683095222431
410.68640552388695
411.1207708607964
411.17262097213995
411.3982474218629
411.3982474218629
411.4134916625972
411.58053123510786
411.58053123510786
411.82115758781686
411.930337770688
411.930337770688
411.99673522796894
412.52052532251383
412.5534106047383
413.1257754883572
413.5099586394301
413.6976112542138
413.8124849224212
413.9097658081663
413.9643904925612
414.0473048489667
414.3849795457399
414.45657058395244
414.57256972277753
414.57256972277753
414.8895838067292
414.9515591852044
415.0581699076655
415.3851304127636
415.3851304127636
415.53158909484165
