0.27953815693479356
0.181701595541701
0.7338363325019839
0.11458032950930892
0.5928218327716235
0.12259055355742991
0.37864195884243895
0.2880817125754294
0.04340863770855526
0.17524124395536228
0.02010067848036492
0.05883087731357796
0.15280929207007762
0.05153003706323974
0.13038166198324416
0.29149519545067887
1.429770464800039E-17
0.17888868346523729
0.45734675264966296
0.0687207421927071
0.015515368005206623
0.07226673208717252
0.13002122110855216
0.1131015033232168
0.03271536193573763
0.013794358394661263
0.1417810140854813
0.1179770244071387
0.05408366301511988
0.13633554025618366
0.017825135970977186
0.0016748791290435339
0.0996914584192795
0.06151908134829124
0.12162375726344327
0.26460657326572695
0.6369046441738728
2.1771315743336622E-17
0.6175243895751162
0.06853004874552535
0.055404316591393325
0.21327507749704902
0.0867466584610951
0.20939841124917682
0.01481996146797007
0.13014476110379225
0.013423066531665343
0.38491969373900087
0.028187729142141252
0.09330795987328074
0.06492805545325343
0.16346784820399365
1.1671473242832702E-17
0.18225827299882866
0.14636160706270876
0.05882042526676716
0.38630285974153594
0.024221061956241702
0.1182946846751272
0.042130881488447375
0.07936145574009029
7.768077844453791E-18
0.0018049337495103124
0.12613980702603217
0.0057670294341799055
0.11561257892695331
0.15588136580727663
0.36291076479665074
0.041617004944639664
0.14383189644901107
0.165685707763058
0.021205103245829946
0.028000534351971015
0.22262077813965622
0.24105190093770396
0.3890479846627053
0.1069523094957808
0.060619410287733384
0.2241226837160265
0.055999732758562994
0.030957161463450025
0.044751257780529165
0.06030835148495841
0.091326217216622
0.4115588429225537
0.13900832578103128
0.002669296999788033
0.08328292327603634
0.12863451227284334
0.4132179985822753
0.1731224862975399
0.5991477066540993
0.045938827531176285
0.026442982802353104
0.0272206521980805
0.12028492138754238
0.39387349593874255
0.034750444894084756
0.03999790577271549
0.045695351463321994
0.0019166231067588354
0.15460125732378022
1.1506234659750355E-17
0.010997218454293946
0.14485290944821916
0.09882182377108362
0.11463908795170957
0.08473492495208285
0.5266832101534442
0.1512960527513267
8.438764375929992E-18
0.17239711532684987
1.9002019574019142E-17
0.07664212012093548
0.2517775402860506
0.0665211505861451
0.16846926388832278
0.09149209884579636
0.003988214478863234
0.15731473112312602
0.19949932315086732
0.3104988672974258
3.9490150822654843E-4
0.03870451750610193
0.21395046963609457
0.1337933751572042
0.2743020432758903
0.09943309130453833
0.18423308490304338
0.14047977504780226
0.03241360049307908
0.14506391184658776
0.3477473047218345
0.12355466523596628
0.045653553472665385
0.00839231837088848
0.2680404596371694
0.054579298732689026
0.15263686304639015
8.157515228260056E-18
0.13779758787928267
0.411159676128021
0.031057468110182004
0.09903932880883878
0.049950462891816066
0.3593704361261899
0.32066773500696577
0.07276793120403284
7.322181784690802E-4
0.08850485994471408
0.3390917724976992
0.26856466984101895
0.14434223312552594
1.3843899190584001E-17
0.06953864658909138
0.30905652024439034
0.026152603264947512
0.022171247902736894
0.26666250949795894
0.06808787751327351
0.24117297949950897
6.7895188879956974E-18
0.10161235280458208
0.1858196102826833
0.07750966565213367
0.07083327387605057
0.5222573073484903
0.40244814147582564
0.036391594274551464
0.061283640151311526
0.15435968769694625
0.15921914874813975
0.11135777249265566
0.17251788442321897
0.027899994612117455
0.10003950773599317
0.37715204365100174
0.017566759692585768
0.13778810304443423
0.23716065931699715
0.17302399392179318
0.1529622464369222
0.09679279643169389
0.017157757446752384
0.05533254051899846
0.30323180157447377
0.07262289251856942
1.0184746356178387E-17
0.002903866855261959
0.06817757368444638
0.11894993964689836
0.12805853997668112
0.10885320776879905
0.6168716618397143
0.07829538369714648
0.3102816046344548
0.14676235280537306
0.04950918971882566
0.004295856842730161
0.3665516617432472
0.014340408708931829
0.12918862806169726
0.21601524470248853
0.009540517073039004
0.2724170680533524
0.49344391889397443
0.024349184577922546
0.14967260172562832
0.4838152887287525
0.011404931589907786
0.012129161922834725
0.03827940249140268
0.09183470647602483
0.3838219697302679
0.240713302278254
1.473535001376679E-17
0.2803407679154139
1.1668049329366535E-17
0.36833790061975824
0.16019947380800648
8.66986821632373E-18
0.19814491149125418
0.06602576151578494
0.6378450636607478
0.22694059384018547
0.009192680372920122
0.21365095064542236
0.8114349033575022
4.765381919130119E-17
0.02635776824158286
0.4400155586945606
0.09689962316175703
0.0325262926820272
0.07416168087334059
0.06609348756805264
0.8206120313906411
6.058734861303425E-17
0.29994046990203416
0.033133103213301804
0.191981420374864
1.863440856838373E-17
0.24191213800776623
0.03937677954525965
0.0788244734948465
0.12878766978894826
0.16402461744364866
0.12812136593872253
0.06145900489294955
0.1776682433977285
0.09206339198575754
0.029744270922964253
0.18786288324669312
0.2539810716190126
0.07844084126901955
7.564836620038437E-18
0.16894362506281335
0.5783373969173727
1.132400863481964E-16
0.12251165879154104
0.2515688874300017
0.2134636415751091
7.804224375900955E-18
0.09380905762794528
0.0537476012278808
0.15785901009702194
0.2427301213000808
1.7763378538135574E-17
0.10990390815540714
0.7569238480734211
0.151360138875275
0.03874145059360676
0.10909117206395288
0.2474930555763445
0.041570134499675594
0.14647295625570908
7.022980617651575E-18
0.22346416246064
2.2334505501813918E-17
0.09808350706596927
0.03829327334426739
0.0176154232130937
0.03215836831376357
2.540186695232586E-4
0.009669030301431009
0.1034000414702255
0.049881988402777806
0.006601792328959336
0.3227050591771295
0.12053115019876913
0.0015212641897873914
0.1376506646232506
0.3618811438472816
0.8434407708220351
0.25486628510388065
0.4412971968411143
0.06074744340740766
0.003364567477325225
0.06985788914520506
0.03464307922307559
0.8151373937631365
2.948748493396266E-17
0.0985671024055987
0.052767376942132384
0.10234000578395952
0.5803295839506836
0.06789931858882205
0.047001249607177345
0.04511138539124079
0.04044245006255859
0.07917519664525646
0.002243431138401301
0.40774467576556295
1.3500008732767072E-17
0.049422874993625195
0.4380998990986769
0.4937691136606814
0.49550040597224027
1.6606584353015105E-17
0.0765717230342979
0.27239028910817603
0.1811918522412623
0.31201499230054375
0.16834595129814275
0.15399738934273646
0.3344523846128168
0.05945268959617749
0.01060430216469939
0.1251154550782297
0.018392218991628097
0.058803287655942026
0.09519016196209718
9.127314010743187E-18
0.08634750042108115
0.06854325156230731
0.11643965625485854
0.19054231134185048
6.018561637300589E-18
0.2813409150254529
0.137386755618914
0.4844626025094916
0.02642962623662702
0.04715712764279091
0.22902706812234405
0.5186131640086633
0.03670310215167983
0.009699359510490585
0.23631564706671104
0.12888638684554266
0.32176521826598503
0.09670137670149388
0.08138871775247394
0.38995717040309985
0.11727984348125925
0.06492703814508972
0.006927581808282065
0.022349041954765586
0.03434765975938296
0.0015629488379347708
0.020596913679086573
0.013166107251779526
0.12562919717827828
0.6128083012569975
0.1839096944228517
0.3654924555094198
0.03329574962762845
0.10781952836576641
0.12384089263721267
0.25113573960879293
0.18163879587961346
0.15789084358688937
0.2114239828514864
0.09694414773144396
0.003317935193739813
0.17515895631247017
0.3785533354318857
1.1293717937855036E-17
0.01760797538782752
0.43165868216093467
0.048599636608691
0.09193697065792636
6.967737996552954E-18
0.043864215880904014
0.06581725396238772
0.23241067075965804
6.91441188124667E-18
0.5506608104050078
1.2903107231075868E-16
0.08648923388506577
0.3125028031517958
0.07640285340511166
0.37467377592083656
0.3218459202369911
0.1685504080790549
0.43107434422247287
0.008267911675757479
0.596575254804026
0.06783105248079736
0.04713336259730663
0.0996333558434183
0.11675822354762379
0.19303500893401207
0.02062968040175973
0.1390808878880025
8.353960742092562E-18
0.18519704410325105
0.09573292902193724
0.12772713164342558
0.32690617231893604
0.289306054413488
0.26807575148400514
1.3058749637484419E-17
0.0015174556545426749
0.036205738349369736
0.2684228557559637
1.0635514865937854E-17
0.2380460103411201
0.2121318052055977
0.12779500592582274
0.18658214420420915
0.5747208955380283
0.1888269829622268
0.16845297312672666
0.08438597865397851
0.1773574514335348
2.0919813241148696E-17
0.05112691452743432
0.19022349788163903
8.710161387638959E-18
0.13762183419801524
0.025663242268916687
0.04581696223079481
0.044190055839262575
0.3579602968095996
1.375163067293719E-17
0.11862409519973285
0.18704166639630748
0.003756938730078473
0.02321522405038752
0.14925276480195201
0.03754469978134608
0.727038061578208
0.06471187160870388
0.02249422050468787
0.030570260779405212
0.06594477864200347
0.4133740868168495
0.05071578325340148
0.36567594415855587
0.6306504901096498
0.08114002469646989
0.11125554770873446
0.05604254278156481
0.0363342306599389
0.05658592011758809
0.08336287705832227
0.12606477951242026
0.01717077805785528
0.5313017926329646
9.722374328304501E-17
0.709762012404421
0.020788208718905424
0.20461032181945463
1.0988639720288497E-17
0.1314868858582783
0.7549184103369316
0.06449999225930753
0.1594844212204001
0.022014748088235964
0.055150165349577944
0.12121296707253428
0.08777636851692276
0.03511774032678678
0.06631745993823805
0.05747588669616568
0.07806568029268435
9.413186473983726E-18
0.005497508460987842
0.015545552780277715
0.02252024634409296
0.18839643403953027
0.006534900794533182
0.006929463694287162
0.11329567623124975
0.4380642146640076
0.08055121789365653
0.44370159352677585
0.07489646276500067
0.07045420977902563
0.22949534374362382
0.024322066004126657
0.21263406841501048
0.11651320416102616
0.02215438867827411
0.1350826051659356
0.2590727384526005
0.09824499156320367
0.35938852130417553
0.018264920357618952
0.05892851465037618
0.32849519727760235
0.04234801243344368
0.25785167123754876
0.24483190408742211
0.19494455422636045
1.0456295747242579E-17
0.5222274410732908
0.35944376379596665
0.2962546405700813
0.10752783692895963
0.1607393498956883
0.14031435356094993
0.02220807432368915
0.9015863551563316
0.01650275506685272
0.03213401224173205
0.1298642898746611
0.2759069342314469
0.23602467772890903
1.557951311685556E-17
0.05456249347008839
0.07012830765835103
0.0443734395193055
0.074859506243178
0.156767687088674
7.725973084750536E-18
0.01902411780212228
0.2647405958947065
1.1741447536510321E-17
0.11256297727876306
0.08114391625296373
0.480732912701936
0.3581527461818209
0.3835271726610114
0.03066329281267763
0.26477709585932224
0.06616200534737612
0.05950293712602683
0.013853248216159535
0.09362631148047933
0.07501603614033338
0.009430027141876674
0.4334812212659341
0.32352706516598123
0.014738477815533535
0.31142196703136427
0.014715919517909334
0.5387198564889468
0.19831165113840346
3.47653170233462E-17
0.11060407075743657
0.0950878692671098
0.01112236023087546
0.053493904119512777
0.1255795973878694
0.27675725390872274
0.20015561526240438
0.028005855586559568
0.1731243728458046
0.31487162700790616
2.2954587330058486E-17
0.03493805800963205
0.024109176437838466
0.07398957155382435
0.32568663497811723
5.252207387021152E-17
0.15998913390000677
0.1964521006114285
0.004595122464589433
0.2498359112058481
1.3539193014086179E-17
0.43456354608909076
0.08934643305507646
0.11561959587819233
0.4020539844424055
0.24009176781461816
0.21148093365313514
0.08102424882310133
0.10736848681152454
1.2340294456133592E-17
0.1529779157405446
0.10387602934534622
8.264662361744422E-18
0.20369097115369938
0.06497883517478671
0.22157065902402087
1.3060739146469241E-17
0.04132862228808651
0.36893128339446285
0.1618639308934217
0.06376609548953595
0.1656172376105654
0.32288561976460856
1.3549801670634155E-17
0.047356130197573336
0.2926239172282314
1.2896545585999588E-17
0.19526018367190723
0.019307571833407502
0.5367250483912409
1.581535406663225E-17
0.006875809716798157
0.0065009649466604294
0.08648367031727895
0.19719917660122416
0.07362114289957523
0.013280912505582023
0.08296684652931952
0.1204080087713916
0.09175733805030409
0.24549846683263968
0.09181413269785728
0.14536451317993496
0.08611047831954104
0.16557998394681284
7.629894598508448E-18
0.38070171779562245
0.09901083957472198
0.12992368241382507
0.014032024746943188
0.55452951060211
0.06807084505418202
0.039905016710819766
0.07684690800735616
0.1947167908389733
0.05650039590367763
0.2557123055471989
0.023231892373055982
0.014103280186104544
0.22470829934230616
0.13439695544693372
0.03802354912276922
0.209237117790618
0.4125228475826972
0.20701114686506125
1.2439360382521733E-17
0.35774509196215587
0.04773950280087045
0.051828595453731315
0.2502296287880983
0.1462768279404334
0.09566147254625693
0.1199655824385346
9.182293593756855E-18
0.02569885934441031
0.411801859532276
0.032227860459143776
0.1681329492280049
0.06212826637950746
0.3820741166820652
0.16746868900045575
0.20984950463231833
0.05991697690866071
0.11010408292116347
0.052242069855080335
0.4565700446203924
0.2564178853897736
0.07161732946355252
0.5758772660950703
0.05019074516241508
0.021255943742385527
0.04248455211584752
0.03357363533939326
0.11133890419480819
0.2602620467299099
0.1829625278247378
0.2748725680319151
0.21660547873485692
0.0575789179034725
0.10222999701796599
0.15769730153644795
0.288668499327592
0.010128838403216522
0.3528713481485725
0.02740680227337874
0.24245349551119175
0.18853684477756638
9.993133829903303E-18
0.007424955280555392
0.051351589817165096
0.08025351546326356
0.1595529753261525
0.12760735946785648
0.4553011486363848
2.212339934714401E-17
0.06920614268005396
0.1404158521471907
0.36079620064148404
0.18513487557658842
0.1498583771760386
0.3144076707495443
0.25725537692145295
0.4547385992234004
2.7607661827356554E-17
0.027075308017290127
0.034089350584957163
0.01482174683558693
0.247032411373939
0.09400684084012428
1.766803670916325E-17
0.025745303983222896
0.12320843193931137
8.459651310657103E-18
0.11727000002991748
8.02174185179746E-18
0.0322601464114361
0.18493229127559632
0.15942792079855475
0.09260626973269954
0.09768031405192883
0.5341469373111389
2.1968194977061226E-17
0.03371272501922657
0.04204914068907778
0.08691772299505542
0.0032165723908216563
0.21517065346765457
0.14296941834871466
2.9153529992469394E-17
0.33596241364242985
0.06314267226285429
0.023201273947026504
0.1799570036119751
0.09374412744355579
0.03245845697576901
0.16200677251812948
0.531697627604412
0.19271749229430363
1.191136728335603E-17
0.2086077400418119
1.0448727580662661E-17
0.3351196665432908
0.015351572667521695
0.08965795836545747
0.40744769439775835
0.013311916404076779
0.5560157158995345
0.4910782191110949
0.2782621989699941
0.35539940744580345
0.0020415689540677962
0.009359049751352494
0.055157544486908065
0.017681124016905497
0.15100726789363006
0.20379737758028907
0.08495053109558218
0.04578389162485883
0.5549978861576527
0.36291896021843706
0.2542542811474561
0.2281438904255147
0.34437223491020197
0.08842243050105794
0.26785102774206726
0.3309358321516684
2.4064193312735007E-17
0.02783285181738961
0.20800440268951811
0.07454641687678164
0.0898375632557675
8.991577742256015E-18
0.07893320788426147
0.16548854146781258
1.391721876514318E-17
0.38359417220648295
0.054141791828382274
0.020013623541542142
0.004654824982191644
0.027161157766195505
0.5742117625027107
0.48243414694733305
0.17714807250718642
0.21872891660398647
0.18242823432325078
0.14471358489086678
0.013476131103509995
0.03456557050251957
0.6511025409139543
0.26030639395166594
0.051906748515360375
0.3024668184094214
0.018496846453861602
0.38520474567521323
0.14847528340754035
0.040004738553132975
0.04876391912118444
0.23001270525349346
0.19566847057510275
9.957418989191069E-18
0.18552288641354522
0.09890809487497691
0.10288395269307285
0.21311908977797522
1.0847925404883643E-17
0.2945653094756114
0.20298510142675064
0.1276509273315081
3.25947157577256E-17
0.11317370160463668
1.2515022223343635E-17
0.23460193292135428
0.06882099286040082
0.372244226358183
0.07151861161043715
0.0061694207752375505
0.04361191051810395
0.11462700756192692
0.2102585088290302
0.0029583076974611542
0.0015454772268662853
0.28462777463970734
0.002120243853929782
6.979175196452827E-4
0.03897959381346996
0.30965715665947585
0.28405391194885493
0.18988240040002716
0.2334250429998814
0.08201142700171075
0.1180171762804547
0.1937227566739967
0.001864725083684716
0.19280084242449375
0.16119295006471
0.092823332456559
0.03269339659800232
0.04383593984526415
0.21976227250847627
0.4890359056114821
0.044214015493567065
0.41695497987406555
0.282732193008759
0.0071832491691576385
0.057144664548481786
0.02379187501018447
0.052315281356534384
0.2559577596260884
3.9472215734574165E-17
0.11151227914673521
0.2018184960340846
0.2433010300130495
0.04712424719780327
0.032296059216448646
0.08905790646559696
8.569379240131424E-18
0.06671158769398891
0.19441952622077377
0.6068020172715655
0.9444183331635583
4.6770520648232606E-17
0.22037038195516148
0.125855195042344
0.09519469267164551
0.44676742935429065
1.7470258061119477E-17
0.12736959826481703
0.28664914473834213
1.5278821369738727E-17
0.4580170045428492
0.16036556075235803
0.1854762128656029
1.1174710539489865E-17
0.7360569443753179
0.03286298065024665
0.02874529460429962
0.07760710574686588
0.6449679205649208
0.3064716021323665
0.43371980303337565
0.07610865037507973
0.04186550338231808
0.08035659982454388
0.10178315362464115
0.18376851727478175
1.509587309940109E-17
0.06963725863109092
0.42741694152977744
3.204647155559042E-4
0.2389316335671218
0.24067350674991844
0.0662493326156987
0.2679112156038134
0.07205610663664028
8.313042614866082E-18
0.026378139225764693
0.0036315662721600472
0.11139994493509703
0.040648429635560875
0.06070239244411859
0.09592859519555733
0.030259647243369155
0.5013053225868126
0.051091649703774174
0.3287877344568472
0.048595731534293814
0.21176366136468658
0.08940340938771128
0.07418523062697072
0.059227391156650516
0.13317329502702288
1.09802572973844E-17
0.02240799021791714
0.36169500385504755
0.387910550150103
2.6360430843875086E-17
0.12786649670972755
0.021892332487457936
0.010643893043311477
0.11759992882993567
0.5433819253312817
0.0826428781571076
0.06464548182526555
0.3514560810879353
0.06734470551562316
0.05017011857739557
0.25534831319460183
0.04481703176506015
0.029951923156326922
0.09262683096505596
0.13099231750748835
0.06642400052915756
0.10899782864585787
0.04672787701064296
0.14318057597381492
0.1442841026422362
0.06494461132742005
0.28039387292303414
0.4093586070324008
0.4990475723871396
0.3169151482184191
0.2402630128551423
0.05774366621735999
0.1367815173013265
0.21031955609945477
0.015992859154656935
0.24163428757083566
0.17727110407159846
0.23782032382520563
1.1953618280698192E-17
0.08276014515775951
0.07171857045403758
0.18965732141113167
1.9785800997693937E-17
0.04455228579130975
0.10740124538849778
0.2986921511918377
9.738539053865052E-18
0.010914875650644576
0.25023225244012426
0.2574544287372378
0.003999341035000105
0.08735523962797268
0.1475748240872954
0.15149761251384838
0.5176734421122492
0.7880267137589329
0.043018465914028636
0.48533885594726145
3.3549934481646676E-17
0.11292378674137978
0.39559145626363307
0.04927549555914382
0.037372691899812974
0.040313743424621365
0.18234340581748842
8.900913816848661E-18
0.10478335645292525
0.21914048943965786
2.3213087699613993E-17
0.07686422805908744
0.14053064358504294
0.06231955983950264
0.1447001461680003
0.15059912017137073
1.2060350261901438E-17
0.016268741303780462
0.05908220832644512
0.17010896440774395
0.031220225058136472
0.2123743703044336
0.27822072840869755
0.060220264979905035
0.0838130039692669
0.09319447646594407
0.037260679870155126
0.21868092389101274
0.23790546947609353
0.2151221054322918
0.14369214370981875
0.045325066672196636
0.02529954781143918
0.32906667975092385
2.112165555133196E-17
0.026384330858391775
0.5822019217890566
3.799864869508271E-17
0.07725991414166591
0.12120319732862922
0.23176624498768897
9.807890494353059E-18
0.08525345770267392
0.17410630516016937
0.20760663266510618
0.06131195498743834
0.5395587015673807
0.31146839666052756
0.10930776815101802
0.5006206538048971
0.4587867829561905
0.040853592418578125
0.031155638303294455
0.08442922783523635
0.18076888971975164
0.15365301081664362
0.032580894184814635
0.03676541578584721
0.16800520280904774
1.0097911198865052E-17
0.0714677669629458
0.18627205508027492
0.05846179563770146
0.08132249317691136
0.17966661756425795
0.038737984416952455
0.3666817880971032
0.6267123167648734
0.33933890492261604
0.004841719763027194
0.032497643644877325
0.10676280727239602
0.030367102485177877
0.4051466817118714
0.27645104292505074
0.22865981088277404
0.03209618070830174
0.04556706727839553
0.005148811028495185
0.3113630795498006
0.008356682798653887
0.3195460398955713
9.155909282995851E-18
0.12346607881588888
0.13360525849556712
0.14451586670655542
0.030095524160727975
0.05728314381003367
0.03255132904418891
0.12473578701918724
0.2101443963874709
8.880289681962194E-18
0.05890503205548912
0.37408418272865424
0.044678458683487916
0.1624023867656679
0.15022011855375467
0.12493029237844758
0.16070729938616216
0.08816547069581926
0.003447193123820255
0.00985832597957645
0.10207882546719398
0.01976173729907676
0.12838026208160783
0.22469843647750817
0.27283530597326294
0.0034852411879442175
0.08586592644809829
0.0298782188896314
0.01607575920789147
0.7925280116478441
0.29588001740117625
0.03363846825825036
0.19801870573395186
0.2736679905537692
0.01988673818860639
0.7154143646620146
0.03197347296943827
0.17665093446465552
0.348766920547179
0.06987160351155025
0.057978945193065054
0.048574689315712884
0.01440553083019663
0.2549077385409464
1.0405781964825358E-17
0.18600440981491653
0.09673919684717512
6.398842160645165E-18
0.3204675179562018
0.13476718364393256
2.36237446190977E-17
0.4809419540139417
0.20956221895520707
0.5443001235045862
0.1357923356608249
0.36988679201587354
0.36344534483347024
0.08602590382277614
0.004974128297209928
0.3362900457352528
0.4018902222555163
0.20330206590564057
0.02326190188001431
0.10107534982554611
0.28359327460502326
1.4791472892212437E-17
0.11690884215385317
0.026165760952888077
0.0306461277316135
0.4183777801548867
0.11555015441813037
0.250716698397143
0.1575349385365987
0.27197918562614587
0.10374157230719008
0.10461337190209166
0.042291201797401146
0.06595036064345124
0.10269836629925146
0.13435799882490257
0.08928137643115722
0.1470604369810894
0.0014638180334340584
0.120972308889449
0.3968307712233734
0.4570177621265695
0.15278253698054742
7.180516622690118E-18
0.1371274239116652
2.593844403003128E-17
0.0736917691179191
0.15771331130475688
0.03629460809385734
0.2529373037113163
0.12116871549310301
0.09188302046941717
0.3001264084056758
0.49512976113474155
0.2575205569469272
0.0683410282407715
7.443709741790035E-4
0.6846895507794296
0.5622926875126011
2.6653585836499643E-17
0.0465265035747087
0.089298806679108
0.024343889605016208
0.12837514292152313
0.3265084330405013
0.009374610035062505
0.13482126943306466
1.030653615203869E-17
0.1728015037557313
1.0314899362500641E-17
0.26885863659633846
1.9859421639772898E-17
0.24686238993998963
1.0378431669644107E-17
0.034301328892257274
0.2998760799918142
0.01848690767707458
0.14502791942667342
0.06396469827776463
0.05591637584255445
0.11462543970271336
0.5189995360075579
0.3160243922062608
0.2508922261478645
0.10035316898531743
0.4842675116934108
0.05319828416130297
0.1570720549886509
8.519712442188931E-18
0.16081678394081492
0.18232969116744985
0.14392159669656526
0.33500786340828786
0.5447801846196807
0.10379667077019762
0.25332832123370475
0.19131933475763116
0.22193356597732236
0.15577391633813353
1.4655108502285254E-17
0.14143685494449387
0.08651407402216299
0.177526145098407
0.018882914438493572
0.018736655474567716
0.31777705645602244
0.1070556801716406
0.4338449287190292
0.04537374984681042
0.11541784416429876
0.45676353323671426
0.3060651228397138
0.08448641119930177
0.14491346358740417
0.06525188384755809
0.24934377664975285
0.14665831436693522
6.9161156991445196E-18
0.8129404236984594
0.13772854022709122
0.2771708782071812
0.09483953623463554
0.16374749628014912
0.06872837386918813
0.36337410974832385
0.3295208337919998
0.009114748805457302
0.004464093330358725
0.1538443756315767
8.461825300436655E-18
0.09234608454436366
0.6265703377042859
0.01589911201151261
0.1663516744295734
3.0944698087501924E-17
0.09987820522211525
0.10831240566668232
0.07074314015812716
8.128937825539955E-18
0.28918217563127896
0.022375328575079068
0.21280764594767623
2.263509875926325E-17
0.06965935011298478
0.10900028968739023
8.463956726712458E-18
0.313971388677366
0.2895862274708989
0.005834878235783503
0.032734848517022554
0.16827414985988143
0.038819307137317606
0.20181865630341933
0.06730353371130933
0.37067562305075813
0.44784739642068344
2.5779635599013277E-17
0.5561724481714375
0.164240822149797
0.11984908667251491
0.07385309736053519
0.33527952819648993
0.16832660485397022
0.06971135566626817
0.11216729016553462
0.1525480384772018
1.5703656762277665E-17
0.11676032859679843
0.21883803439075356
0.030976536804552226
0.07792642015503123
0.1695523619643171
0.22369815135095542
0.10497317673804037
0.18743309065339417
0.07207020154417426
0.1918608974820037
1.545206590145346E-17
0.007369821559016962
0.007011915864484188
0.03218725311358897
0.018223317660510392
0.03668641734566545
0.17998181586847706
0.16024928782717338
0.35543166014604316
0.6720893849259674
0.05534267788390982
0.5595163874482598
0.11396420908423575
0.3043518891863282
0.26906210535872693
0.022748827157281486
0.23770998269214058
0.2130357124319889
1.3858602098559339E-17
0.2421235615803051
8.350608721088307E-18
0.2784352599465118
9.725138372947352E-18
0.6722709438610941
3.6575894592734306E-17
0.06903328626802269
0.03439623831837788
0.42811749111507535
0.007120511200790266
0.1461940358191737
6.66106022658632E-18
0.0954168372547225
0.19573035102228617
0.004520466816329245
0.2810783272914358
0.28772040783077524
0.30697978591853126
0.16070358330891724
0.05641390413518884
0.07346156904049841
0.05037740332320497
0.3403506530288907
0.20763808504233414
0.13799633861484134
0.08276627722235527
0.23140464200699504
0.22670770956135217
1.37992887796182E-17
0.11651132205562226
0.32472561260672395
0.04333345803502614
0.3042587284477564
0.07860988728312371
0.0756107309719971
0.3516608100225584
0.2023973828114217
0.010954136033390405
0.2833952959530394
