104
comment
-1 0.5 0.5 0.0
-2 0.5 0.0 0.0
-3 0.0 0.5 0.0
-4 0.0 0.0 0.0
0 0.25 0.25 0.05
1 0.08713770377971547 0.09756124843543246 0.005
2 0.3276953530992744 0.42382294789098185 0.005
3 0.2628184897700136 0.19557839038797414 0.005
4 0.24146118189920068 0.452930030443462 0.005
5 0.15415145052162366 0.4240313455144361 0.005
6 0.37652522590681636 0.38703079255348083 0.005
7 0.36403743209705974 0.12453519563571402 0.005
8 0.32646904953266764 0.4717705581671771 0.005
9 0.46555295557390514 0.0693725790624416 0.005
10 0.1350801914333961 0.11634739513350534 0.005
11 0.3757748143004074 0.31614597813681733 0.005
12 0.38974583062907175 0.24077960519769792 0.005
13 0.4935854572748186 0.11082818541202982 0.005
14 0.3718861818671952 0.3714080703625415 0.005
15 0.04227617353348512 0.3700820873613727 0.005
16 0.3885896310874106 0.09961188487907124 0.005
17 0.2156593992662315 0.06382245940860021 0.005
18 0.44035513211329297 0.3908918882539197 0.005
19 0.28921795782529186 0.3914797162637886 0.005
20 0.24831561340085812 0.05748835099002608 0.005
21 0.4773724206625008 0.08391326508865349 0.005
22 0.34859934523415304 0.05489092114466837 0.005
23 0.018991673472028403 0.4608383774181959 0.005
24 0.16597252521840772 0.032186673477051175 0.005
25 0.09770118692718127 0.054762151443314755 0.005
26 0.23891591638546744 0.48470200277904923 0.005
27 0.42335686964611235 0.09924766520099149 0.005
28 0.2810069929780228 0.06132143007664276 0.005
29 0.15157814646593254 0.371401364707868 0.005
30 0.07257810455534297 0.11647185001958232 0.005
31 0.1657823522783307 0.056500813235092706 0.005
32 0.3646209352417912 0.10763947540443103 0.005
33 0.2602143639999672 0.3715207185185937 0.005
34 0.12348872631296165 0.4158205217834937 0.005
35 0.02489414130218448 0.16767009855454934 0.005
36 0.17686384326708188 0.41090073804513066 0.005
37 0.21838953901071628 0.02312298488091946 0.005
38 0.14595193546101737 0.24928619058987167 0.005
39 0.47053356612618336 0.484634210438034 0.005
40 0.4465543970478147 0.23186727708108296 0.005
41 0.3753089716988143 0.10483995453548267 0.005
42 0.03284705971488355 0.47426916872302116 0.005
43 0.21022812996600876 0.08969633794171816 0.005
44 0.182693280552563 0.266341717968978 0.005
45 0.27461731574000836 0.11320245639284793 0.005
46 0.3954563436635519 0.23225784100720936 0.005
47 0.18625137263693592 0.07957538686569238 0.005
48 0.07495762298196906 0.26744641635853 0.005
49 0.42926122782294895 0.028409399078513753 0.005
50 0.4463646905127884 0.337154599916075 0.005
51 0.2607445735924015 0.42855117891473654 0.005
52 0.4661613002544129 0.27534726970082335 0.005
53 0.42854027421892976 0.11779312219216997 0.005
54 0.1896539628078312 0.46845890003618507 0.005
55 0.3960652530257847 0.18774656267518225 0.005
56 0.18256481405412012 0.30440297319803356 0.005
57 0.009063136454403764 0.25241197241681973 0.005
58 0.02408759692138379 0.1963181739379679 0.005
59 0.44666113694412435 0.49226544005963446 0.005
60 0.09887766651758678 0.08972516900274818 0.005
61 0.1453238137903351 0.43418391516651955 0.005
62 0.16357873227316372 0.1928409013408563 0.005
63 0.43928416918412155 0.29515880422400265 0.005
64 0.16953903037307066 0.129724115190763 0.005
65 0.10514264836394649 0.2103895799015531 0.005
66 0.167252260145892 0.09147678064331483 0.005
67 0.11752070669630083 0.2837061968006849 0.005
68 0.39701047396838485 0.07490251703062056 0.005
69 0.3146851141000741 0.2534688254572596 0.005
70 0.05439969795875249 0.050759375898693226 0.005
71 0.46756356772903984 0.26456927130086766 0.005
72 0.38342969065562477 0.02381192376498653 0.005
73 0.4855083475616985 0.2748272315080269 0.005
74 0.05551215342557386 0.238603062985682 0.005
75 0.03910775265640232 0.24281698557515113 0.005
76 0.022434444167919287 0.086024477454132 0.005
77 0.42789709755753547 0.1988466154846425 0.005
78 0.45761256233882225 0.16541264699940078 0.005
79 0.048728279959745324 0.0074539025832298655 0.005
80 0.41552145359315906 0.2222436325146021 0.005
81 0.11698076925331519 0.2318112248229453 0.005
82 0.3675375391393701 0.3249890777747373 0.005
83 0.17628838778268913 0.02980744648744882 0.005
84 0.40835292157302494 0.4753344730957418 0.005
85 0.010935223254381565 0.18926570753744537 0.005
86 0.43620888827312454 0.43039957512551535 0.005
87 0.2233212372949991 0.07359206764683202 0.005
88 0.1848044627961628 0.44427464344631007 0.005
89 0.14534387100144708 0.16250992668180647 0.005
90 0.16739511782942906 0.2859213516667623 0.005
91 0.3337408484109572 0.45328485827305753 0.005
92 0.1791884960907002 0.01458428750844204 0.005
93 0.2745988023870709 0.30332787286539487 0.005
94 0.470600233903087 0.314999036740012 0.005
95 0.30334317018010626 0.3858119554691635 0.005
96 0.24769135442589746 0.183424243512136 0.005
97 0.067386022475175 0.028213045662991376 0.005
98 0.3153247935058503 0.3054499100061542 0.005
99 0.39588198225806565 0.33367464045235745 0.005
