15
comment
-1 5.0 5.0 0.0
-2 5.0 0.0 0.0
-3 0.0 5.0 0.0
-4 0.0 0.0 0.0
0 4.542433125340734 4.785526278460107 0.005
1 3.1359222904424913 0.6628096709121711 0.005
2 1.1632589949439494 0.19615724068166585 0.005
3 2.8911255656486388 3.0696509706265833 0.005
4 1.476761955176643 3.462320225725142 0.005
5 3.0009781337746766 4.852445225194332 0.005
6 1.6844371724601754 4.957522781671079 0.005
7 2.1135984907957504 0.6355073066844591 0.005
8 1.233116729878378 2.1115319147578115 0.005
9 3.2126189846040565 1.6392694623623711 0.005
11 2.5 2.5 0.05
